         0          1   0.295659   0.456384
      0.01   0.993782    0.36855   0.537694
      0.02   0.993782    0.36855   0.537694
      0.03   0.993782   0.368538   0.537681
      0.04   0.993782   0.368555   0.537699
      0.05   0.993782   0.368599   0.537746
      0.06   0.993782   0.369059   0.538234
      0.07   0.993782   0.369238   0.538425
      0.08   0.993782   0.370114   0.539356
      0.09   0.993782   0.371454   0.540777
       0.1   0.993587   0.374618   0.544093
      0.11   0.993352   0.380444   0.550176
      0.12   0.992805   0.387115   0.557032
      0.13   0.991944   0.399946   0.570051
      0.14   0.990263   0.410903   0.580805
      0.15     0.9869   0.429474   0.598497
      0.16   0.982989   0.442541   0.610318
      0.17   0.969029   0.468092   0.631254
      0.18   0.961951   0.485902   0.645665
      0.19    0.95413   0.515637   0.669473
       0.2    0.94318   0.534084   0.681987
      0.21   0.915298   0.560576   0.695309
      0.22   0.889528   0.595365   0.713309
      0.23     0.8715   0.621605   0.725641
      0.24   0.834741   0.655957   0.734628
      0.25   0.809244   0.679588    0.73877
      0.26   0.778273   0.719762   0.747875
      0.27   0.753911   0.742062   0.747939
      0.28    0.71895   0.775268   0.746048
      0.29   0.696778    0.79237   0.741506
       0.3   0.659119   0.821219   0.731294
      0.31   0.618567   0.842516   0.713379
      0.32   0.585132   0.859564   0.696283
      0.33    0.53539   0.879747   0.665671
      0.34   0.509033   0.887035    0.64686
      0.35   0.466682   0.899166   0.614453
      0.36    0.43446   0.905961   0.587284
      0.37   0.383975   0.916832   0.541264
      0.38   0.356679   0.923757   0.514645
      0.39   0.315423   0.932203   0.471357
       0.4   0.280698   0.941529   0.432465
      0.41   0.241084   0.946714   0.384304
      0.42   0.202565   0.957537   0.334391
      0.43   0.192124   0.957746   0.320047
      0.44    0.16389   0.965418   0.280211
      0.45   0.142578   0.972789   0.248704
      0.46   0.120718   0.978448    0.21492
      0.47   0.101361   0.980296   0.183725
      0.48  0.0843892   0.982036   0.155422
      0.49  0.0719928   0.986014   0.134188
       0.5  0.0594791   0.981818   0.112163
      0.51  0.0476302   0.987654  0.0908778
      0.52  0.0392617   0.983871  0.0755101
      0.53  0.0214297   0.972222   0.041935
      0.54  0.0169717   0.965517   0.033357
      0.55  0.0121617          1  0.0240312
      0.56  0.0109104          1  0.0215852
      0.57 0.00269826          1 0.00538201
      0.58 0.00238542          1 0.00475949
      0.59          0          0          0
       0.6          0          0          0
      0.61          0          0          0
      0.62          0          0          0
      0.63          0          0          0
      0.64          0          0          0
      0.65          0          0          0
      0.66          0          0          0
      0.67          0          0          0
      0.68          0          0          0
      0.69          0          0          0
       0.7          0          0          0
      0.71          0          0          0
      0.72          0          0          0
      0.73          0          0          0
      0.74          0          0          0
      0.75          0          0          0
      0.76          0          0          0
      0.77          0          0          0
      0.78          0          0          0
      0.79          0          0          0
       0.8          0          0          0
      0.81          0          0          0
      0.82          0          0          0
      0.83          0          0          0
      0.84          0          0          0
      0.85          0          0          0
      0.86          0          0          0
      0.87          0          0          0
      0.88          0          0          0
      0.89          0          0          0
       0.9          0          0          0
      0.91          0          0          0
      0.92          0          0          0
      0.93          0          0          0
      0.94          0          0          0
      0.95          0          0          0
      0.96          0          0          0
      0.97          0          0          0
      0.98          0          0          0
      0.99          0          0          0
