         0          1   0.296598   0.457502
      0.01   0.976592   0.537744    0.69358
      0.02   0.976592   0.537744    0.69358
      0.03   0.976592   0.537749   0.693584
      0.04   0.976553   0.538014   0.693794
      0.05   0.976553    0.53893   0.694555
      0.06   0.975916   0.541456   0.696488
      0.07   0.975279   0.545216   0.699427
      0.08   0.973885   0.556549   0.708315
      0.09   0.971775   0.569359   0.718029
       0.1   0.966919   0.593087   0.735211
      0.11    0.95629   0.618742   0.751346
      0.12   0.950159   0.637053   0.762723
      0.13   0.932285   0.666773   0.777486
      0.14   0.917914   0.685228   0.784685
      0.15   0.901752   0.717176   0.798942
      0.16   0.892038   0.737331    0.80734
      0.17   0.864132   0.765662   0.811922
      0.18   0.844268    0.78438   0.813223
      0.19   0.799841   0.812324   0.806034
       0.2   0.773169   0.826632   0.799007
      0.21   0.738137   0.847062   0.788857
      0.22   0.700318   0.867971   0.775183
      0.23   0.681051   0.878162   0.767148
      0.24   0.648607   0.893382   0.751567
      0.25   0.619506   0.896932   0.732842
      0.26   0.567795   0.893533   0.694359
      0.27   0.544188   0.890875   0.675655
      0.28   0.496059   0.883854   0.635466
      0.29   0.470422   0.879778   0.613045
       0.3   0.442476   0.871856   0.587029
      0.31   0.415764   0.862475   0.561063
      0.32   0.392834   0.853846   0.538101
      0.33   0.367755   0.843774   0.512248
      0.34   0.352389   0.836105    0.49581
      0.35    0.32926   0.822926   0.470334
      0.36   0.310987   0.813849   0.450015
      0.37   0.295541   0.800194   0.431656
      0.38   0.280693   0.787629   0.413886
      0.39   0.255932   0.772124   0.384436
       0.4   0.245303   0.760743   0.370982
      0.41   0.230852    0.75032   0.353073
      0.42   0.217556   0.738265   0.336075
      0.43   0.203463   0.729483   0.318181
      0.44   0.192834   0.712565   0.303528
      0.45   0.180533   0.694915   0.286608
      0.46    0.15836   0.657778   0.255265
      0.47   0.143949   0.625954    0.23407
      0.48   0.129459   0.589124   0.212271
      0.49   0.115884   0.557823   0.191901
       0.5  0.0934315   0.468619     0.1558
      0.51  0.0640525   0.354839   0.108517
      0.52  0.0499602   0.279503  0.0847683
      0.53  0.0249204   0.165414  0.0433151
      0.54  0.0154459   0.110169  0.0270932
      0.55 0.00553344  0.0490196 0.00994434
      0.56 0.00127389   0.010989 0.00228311
      0.57 0.00127389  0.0114943 0.00229358
      0.58 0.00127389  0.0120482 0.00230415
      0.59 0.00127389  0.0123457 0.00230947
       0.6          0          0          0
      0.61          0          0          0
      0.62          0          0          0
      0.63          0          0          0
      0.64          0          0          0
      0.65          0          0          0
      0.66          0          0          0
      0.67          0          0          0
      0.68          0          0          0
      0.69          0          0          0
       0.7          0          0          0
      0.71          0          0          0
      0.72          0          0          0
      0.73          0          0          0
      0.74          0          0          0
      0.75          0          0          0
      0.76          0          0          0
      0.77          0          0          0
      0.78          0          0          0
      0.79          0          0          0
       0.8          0          0          0
      0.81          0          0          0
      0.82          0          0          0
      0.83          0          0          0
      0.84          0          0          0
      0.85          0          0          0
      0.86          0          0          0
      0.87          0          0          0
      0.88          0          0          0
      0.89          0          0          0
       0.9          0          0          0
      0.91          0          0          0
      0.92          0          0          0
      0.93          0          0          0
      0.94          0          0          0
      0.95          0          0          0
      0.96          0          0          0
      0.97          0          0          0
      0.98          0          0          0
      0.99          0          0          0
