         0          1   0.168956   0.289072
      0.01   0.943633   0.286624   0.439693
      0.02   0.943633   0.286624   0.439693
      0.03   0.943633   0.286624   0.439693
      0.04   0.943633   0.286689   0.439769
      0.05   0.943633   0.286893    0.44001
      0.06   0.943633   0.288183   0.441525
      0.07   0.943469   0.289822   0.443428
      0.08   0.943059   0.295521   0.450021
      0.09   0.941336   0.301702   0.456949
       0.1   0.938792   0.314414   0.471063
      0.11   0.932064   0.326611   0.483718
      0.12   0.926075   0.334024   0.490964
      0.13   0.912947   0.346237   0.502065
      0.14   0.901871   0.354467   0.508913
      0.15   0.881687   0.364152   0.515425
      0.16    0.86618   0.369507   0.518027
      0.17   0.844027   0.378665   0.522787
      0.18   0.828192   0.386271   0.526828
      0.19   0.805628   0.391894    0.52729
       0.2   0.787414   0.395332   0.526385
      0.21   0.759436    0.40076   0.524655
      0.22   0.740564   0.406291   0.524712
      0.23   0.722924   0.406228   0.520164
      0.24   0.678126   0.402455   0.505126
      0.25   0.655563   0.400653   0.497348
      0.26   0.612242   0.398915   0.483075
      0.27   0.590909    0.39704   0.474953
      0.28     0.5649   0.397069   0.466344
      0.29   0.536593   0.398456   0.457321
       0.3   0.492205   0.392003   0.436427
      0.31   0.467919   0.394852   0.428292
      0.32   0.431736   0.396487   0.413362
      0.33   0.407532   0.408189    0.40786
      0.34   0.391943   0.412209    0.40182
      0.35    0.37061    0.41633   0.392142
      0.36   0.348457   0.408387   0.376049
      0.37   0.303413   0.405312   0.347037
      0.38   0.270266   0.401333    0.32301
      0.39   0.225714   0.396321   0.287621
       0.4   0.194207   0.404297   0.262379
      0.41   0.166065   0.414758    0.23717
      0.42   0.141943   0.396667   0.209072
      0.43   0.119544   0.398305   0.183895
      0.44   0.090745   0.382716   0.146705
      0.45  0.0491467   0.322314  0.0852885
      0.46  0.0353627   0.367816   0.064522
      0.47  0.0254349   0.402985  0.0478496
      0.48  0.0249426   0.436364  0.0471879
      0.49  0.0201838   0.465116  0.0386887
       0.5  0.0107483   0.571429  0.0210997
      0.51  0.0100098      0.625  0.0197041
      0.52 0.00951756        0.7  0.0187798
      0.53 0.00705612   0.733333  0.0139777
      0.54 0.00664588          1   0.013204
      0.55 0.00541516          1   0.010772
      0.56          0          0          0
      0.57          0          0          0
      0.58          0          0          0
      0.59          0          0          0
       0.6          0          0          0
      0.61          0          0          0
      0.62          0          0          0
      0.63          0          0          0
      0.64          0          0          0
      0.65          0          0          0
      0.66          0          0          0
      0.67          0          0          0
      0.68          0          0          0
      0.69          0          0          0
       0.7          0          0          0
      0.71          0          0          0
      0.72          0          0          0
      0.73          0          0          0
      0.74          0          0          0
      0.75          0          0          0
      0.76          0          0          0
      0.77          0          0          0
      0.78          0          0          0
      0.79          0          0          0
       0.8          0          0          0
      0.81          0          0          0
      0.82          0          0          0
      0.83          0          0          0
      0.84          0          0          0
      0.85          0          0          0
      0.86          0          0          0
      0.87          0          0          0
      0.88          0          0          0
      0.89          0          0          0
       0.9          0          0          0
      0.91          0          0          0
      0.92          0          0          0
      0.93          0          0          0
      0.94          0          0          0
      0.95          0          0          0
      0.96          0          0          0
      0.97          0          0          0
      0.98          0          0          0
      0.99          0          0          0
