         0          1   0.337394   0.504555
      0.01   0.901288    0.38874   0.543193
      0.02   0.901288    0.38876   0.543212
      0.03   0.901288    0.38888   0.543329
      0.04   0.901288   0.388975   0.543422
      0.05   0.901245   0.389442    0.54387
      0.06   0.901031   0.390905   0.545255
      0.07   0.899362    0.39267   0.546662
      0.08   0.889393   0.395982   0.547985
      0.09    0.88152   0.401644    0.55185
       0.1   0.851183   0.413965   0.557026
      0.11   0.817167   0.431352   0.564648
      0.12   0.790724   0.443375   0.568167
      0.13   0.756536   0.466382   0.577038
      0.14   0.724744   0.480852   0.578128
      0.15   0.662402   0.509779   0.576155
      0.16   0.636087   0.532397   0.579642
      0.17   0.582902   0.566897   0.574788
      0.18   0.554533   0.591629   0.572481
      0.19   0.517864   0.629353   0.568191
       0.2   0.492234   0.659568   0.563746
      0.21   0.454024   0.691424   0.548123
      0.22   0.422489   0.732388    0.53586
      0.23   0.398229   0.752978   0.520944
      0.24   0.366737   0.783344   0.499584
      0.25    0.34453   0.805297   0.482592
      0.26   0.308844   0.829141   0.450051
      0.27   0.283428    0.85344   0.425536
      0.28   0.248342   0.888199   0.388155
      0.29   0.232468   0.912181   0.370511
       0.3    0.20872    0.94709   0.342058
      0.31   0.189936   0.972043   0.317779
      0.32   0.169697    0.97543     0.2891
      0.33   0.144709   0.979592   0.252167
      0.34   0.130247   0.977564   0.229867
      0.35   0.114544   0.977186   0.205052
      0.36   0.100509   0.978632   0.182296
      0.37  0.0945188   0.975845   0.172345
      0.38    0.09024   0.978947   0.165247
      0.39  0.0807839   0.982353   0.149291
       0.4  0.0695734          1   0.130096
      0.41  0.0584485          1   0.110442
      0.42  0.0521587          1   0.099146
      0.43  0.0494202          1  0.0941858
      0.44  0.0453126          1  0.0866967
      0.45  0.0408626          1  0.0785168
      0.46  0.0346583          1  0.0669947
      0.47  0.0304223          1  0.0590483
      0.48  0.0269137          1  0.0524167
      0.49  0.0225065          1  0.0440223
       0.5  0.0161311          1    0.03175
      0.51  0.0157888          1  0.0310868
      0.52  0.0146763          1  0.0289281
      0.53  0.0138205          1  0.0272643
      0.54  0.0121946          1  0.0240954
      0.55 0.00350862          1 0.00699271
      0.56 0.00269565          1  0.0053768
      0.57          0          0          0
      0.58          0          0          0
      0.59          0          0          0
       0.6          0          0          0
      0.61          0          0          0
      0.62          0          0          0
      0.63          0          0          0
      0.64          0          0          0
      0.65          0          0          0
      0.66          0          0          0
      0.67          0          0          0
      0.68          0          0          0
      0.69          0          0          0
       0.7          0          0          0
      0.71          0          0          0
      0.72          0          0          0
      0.73          0          0          0
      0.74          0          0          0
      0.75          0          0          0
      0.76          0          0          0
      0.77          0          0          0
      0.78          0          0          0
      0.79          0          0          0
       0.8          0          0          0
      0.81          0          0          0
      0.82          0          0          0
      0.83          0          0          0
      0.84          0          0          0
      0.85          0          0          0
      0.86          0          0          0
      0.87          0          0          0
      0.88          0          0          0
      0.89          0          0          0
       0.9          0          0          0
      0.91          0          0          0
      0.92          0          0          0
      0.93          0          0          0
      0.94          0          0          0
      0.95          0          0          0
      0.96          0          0          0
      0.97          0          0          0
      0.98          0          0          0
      0.99          0          0          0
