         0          1   0.223995   0.366006
      0.01   0.957568   0.275473   0.427859
      0.02   0.957568   0.275473   0.427859
      0.03   0.957568   0.275521   0.427917
      0.04   0.957568    0.27561   0.428025
      0.05   0.957568   0.275668   0.428094
      0.06   0.957568   0.275996    0.42849
      0.07   0.957568   0.276475   0.429067
      0.08   0.957568   0.277666     0.4305
      0.09   0.956149   0.278992   0.431947
       0.1   0.955117   0.282716    0.43629
      0.11   0.951506   0.289086   0.443444
      0.12   0.946218   0.294081   0.448706
      0.13   0.933901   0.306325    0.46133
      0.14   0.924486   0.317265   0.472408
      0.15   0.903205   0.336953   0.490805
      0.16   0.885342   0.349301   0.500956
      0.17   0.856194   0.370818   0.517504
      0.18   0.843555   0.387562   0.531111
      0.19   0.810215   0.409854   0.544346
       0.2   0.782808    0.42643   0.552104
      0.21    0.73857   0.450147   0.559368
      0.22   0.707422    0.47513   0.568461
      0.23   0.686013   0.494085   0.574441
      0.24    0.63423   0.509526    0.56508
      0.25   0.598117   0.522997    0.55804
      0.26   0.560521   0.544634   0.552463
      0.27    0.53305   0.557467   0.544985
      0.28   0.479009   0.575317   0.522765
      0.29   0.447604   0.592553   0.509979
       0.3   0.409815   0.605982   0.488957
      0.31   0.363384    0.61805   0.457676
      0.32   0.332302   0.628077   0.434643
      0.33   0.290901   0.643349   0.400644
      0.34   0.258915   0.655957   0.371281
      0.35   0.229316   0.674419   0.342257
      0.36   0.198298   0.686441   0.307706
      0.37   0.157219   0.707865   0.257293
      0.38   0.145096   0.728155   0.241975
      0.39   0.120462   0.762712   0.208062
       0.4   0.106984   0.772277   0.187933
      0.41  0.0909267   0.793103   0.163149
      0.42  0.0759012   0.828571   0.139064
      0.43  0.0617786   0.818182   0.114883
      0.44  0.0479138   0.888889  0.0909265
      0.45  0.0452054   0.923077  0.0861898
      0.46  0.0277294   0.935484  0.0538623
      0.47  0.0254079   0.923077  0.0494545
      0.48  0.0143806     0.9375  0.0283267
      0.49  0.0108983   0.909091  0.0215384
       0.5 0.00341781       0.75 0.00680461
      0.51 0.00322435   0.666667 0.00641766
      0.52 6.4487e-05          1 0.000128966
      0.53          0          0          0
      0.54          0          0          0
      0.55          0          0          0
      0.56          0          0          0
      0.57          0          0          0
      0.58          0          0          0
      0.59          0          0          0
       0.6          0          0          0
      0.61          0          0          0
      0.62          0          0          0
      0.63          0          0          0
      0.64          0          0          0
      0.65          0          0          0
      0.66          0          0          0
      0.67          0          0          0
      0.68          0          0          0
      0.69          0          0          0
       0.7          0          0          0
      0.71          0          0          0
      0.72          0          0          0
      0.73          0          0          0
      0.74          0          0          0
      0.75          0          0          0
      0.76          0          0          0
      0.77          0          0          0
      0.78          0          0          0
      0.79          0          0          0
       0.8          0          0          0
      0.81          0          0          0
      0.82          0          0          0
      0.83          0          0          0
      0.84          0          0          0
      0.85          0          0          0
      0.86          0          0          0
      0.87          0          0          0
      0.88          0          0          0
      0.89          0          0          0
       0.9          0          0          0
      0.91          0          0          0
      0.92          0          0          0
      0.93          0          0          0
      0.94          0          0          0
      0.95          0          0          0
      0.96          0          0          0
      0.97          0          0          0
      0.98          0          0          0
      0.99          0          0          0
