         0          1   0.193017   0.323578
      0.01   0.945998   0.269877    0.41995
      0.02   0.945998   0.269898   0.419975
      0.03   0.945998   0.270004   0.420103
      0.04    0.94521   0.270281    0.42036
      0.05   0.944967   0.271137   0.421371
      0.06   0.940962   0.273549   0.423873
      0.07   0.925005    0.27164   0.419954
      0.08    0.88326   0.275968   0.420541
      0.09    0.85547   0.288356   0.431324
       0.1   0.827316   0.311313   0.452394
      0.11   0.797342   0.331087   0.467889
      0.12   0.769128   0.345694   0.476996
      0.13   0.739154   0.378992   0.501067
      0.14   0.715612   0.404245   0.516642
      0.15   0.670954    0.44035   0.531726
      0.16    0.64183   0.476393   0.546874
      0.17   0.589831   0.528867   0.557688
      0.18   0.572477   0.581054   0.576734
      0.19   0.543535   0.648533    0.59141
       0.2   0.532917    0.69403   0.602895
      0.21   0.511195   0.753349   0.609086
      0.22   0.479522   0.800363   0.599728
      0.23   0.464656   0.830724   0.595966
      0.24   0.434076    0.87472    0.58022
      0.25   0.408046   0.893921   0.560323
      0.26   0.383108    0.91276   0.539693
      0.27   0.376919   0.928281   0.536143
      0.28   0.365148   0.937861   0.525642
      0.29   0.356653   0.942073    0.51742
       0.3   0.329652   0.947009   0.489063
      0.31   0.292579   0.954459   0.447869
      0.32   0.281597   0.953815   0.434821
      0.33   0.257084   0.950226   0.404681
      0.34   0.239913   0.954217   0.383424
      0.35   0.217827   0.958763   0.354999
      0.36   0.214125    0.95756   0.349988
      0.37   0.205631   0.954802   0.338385
      0.38   0.196711    0.97561   0.327408
      0.39    0.18937   0.986928   0.317767
       0.4   0.185608   0.986063    0.31241
      0.41   0.180268   0.988235   0.304915
      0.42   0.166252   0.986726   0.284559
      0.43   0.159032   0.985437   0.273866
      0.44   0.134154   0.981928   0.236058
      0.45   0.123293   0.979592   0.219021
      0.46   0.117954   0.977099   0.210497
      0.47   0.110309    0.97479    0.19819
      0.48  0.0850677   0.976744   0.156505
      0.49  0.0737819   0.985714   0.137288
       0.5  0.0649839   0.983607   0.121913
      0.51  0.0572174   0.977778   0.108109
      0.52  0.0529701   0.974359   0.100478
      0.53  0.0339178   0.954545   0.065508
      0.54  0.0230569          1  0.0450744
      0.55 0.00455069          1 0.00906016
      0.56 0.00455069          1 0.00906016
      0.57          0          0          0
      0.58          0          0          0
      0.59          0          0          0
       0.6          0          0          0
      0.61          0          0          0
      0.62          0          0          0
      0.63          0          0          0
      0.64          0          0          0
      0.65          0          0          0
      0.66          0          0          0
      0.67          0          0          0
      0.68          0          0          0
      0.69          0          0          0
       0.7          0          0          0
      0.71          0          0          0
      0.72          0          0          0
      0.73          0          0          0
      0.74          0          0          0
      0.75          0          0          0
      0.76          0          0          0
      0.77          0          0          0
      0.78          0          0          0
      0.79          0          0          0
       0.8          0          0          0
      0.81          0          0          0
      0.82          0          0          0
      0.83          0          0          0
      0.84          0          0          0
      0.85          0          0          0
      0.86          0          0          0
      0.87          0          0          0
      0.88          0          0          0
      0.89          0          0          0
       0.9          0          0          0
      0.91          0          0          0
      0.92          0          0          0
      0.93          0          0          0
      0.94          0          0          0
      0.95          0          0          0
      0.96          0          0          0
      0.97          0          0          0
      0.98          0          0          0
      0.99          0          0          0
