         0          1   0.282356    0.44037
      0.01   0.927984   0.352542   0.510967
      0.02   0.927984   0.352542   0.510967
      0.03   0.927984   0.352559   0.510985
      0.04   0.927984   0.352611   0.511039
      0.05   0.927984   0.352634   0.511063
      0.06   0.927421   0.352619   0.510962
      0.07   0.927421   0.352699   0.511047
      0.08   0.926295   0.353955   0.512192
      0.09   0.924493   0.354288   0.512264
       0.1   0.919369   0.356512   0.513788
      0.11   0.914302   0.360876   0.517496
      0.12   0.908784   0.366044   0.521882
      0.13   0.890315   0.375337   0.528057
      0.14   0.878041   0.382043   0.532424
      0.15   0.844707   0.388038   0.531786
      0.16   0.822072   0.392749   0.531548
      0.17   0.785473   0.396643    0.52711
      0.18   0.764245   0.398387   0.523752
      0.19   0.725225     0.3984   0.514281
       0.2   0.687613   0.397327   0.503636
      0.21     0.6375   0.395907   0.488464
      0.22   0.582714   0.400058   0.474412
      0.23   0.553773   0.400967   0.465142
      0.24   0.510417    0.40608   0.452309
      0.25    0.46464    0.40553   0.433077
      0.26    0.42607   0.416239   0.421097
      0.27   0.406081   0.425184   0.415413
      0.28   0.363795   0.441101   0.398736
      0.29   0.340203   0.452542   0.388413
       0.3   0.314471   0.465589   0.375392
      0.31   0.281644   0.472745    0.35299
      0.32   0.270383    0.48019   0.345963
      0.33   0.251464   0.490244   0.332418
      0.34   0.240428   0.501688    0.32507
      0.35   0.223311   0.504637   0.309613
      0.36    0.20732   0.514261   0.295508
      0.37   0.191779   0.522704   0.280605
      0.38   0.179673   0.526494   0.267917
      0.39   0.160529   0.549125   0.248433
       0.4   0.156475   0.560423   0.244644
      0.41   0.141554   0.574818   0.227166
      0.42   0.128716    0.59607   0.211714
      0.43   0.120721   0.611386   0.201629
      0.44   0.101914   0.625786   0.175283
      0.45  0.0918356   0.665399   0.161396
      0.46   0.078491   0.682292   0.140786
      0.47  0.0646396   0.690323    0.11821
      0.48  0.0582207   0.721311   0.107745
      0.49  0.0541667   0.737374    0.10092
       0.5  0.0373874   0.736111  0.0711605
      0.51  0.0319257       0.88   0.061616
      0.52  0.0283784   0.948718  0.0551083
      0.53  0.0203829          1  0.0399514
      0.54  0.0169482          1  0.0333315
      0.55  0.0115991          1  0.0229322
      0.56 0.00906532          1  0.0179677
      0.57 0.00551802          1  0.0109755
      0.58          0          0          0
      0.59          0          0          0
       0.6          0          0          0
      0.61          0          0          0
      0.62          0          0          0
      0.63          0          0          0
      0.64          0          0          0
      0.65          0          0          0
      0.66          0          0          0
      0.67          0          0          0
      0.68          0          0          0
      0.69          0          0          0
       0.7          0          0          0
      0.71          0          0          0
      0.72          0          0          0
      0.73          0          0          0
      0.74          0          0          0
      0.75          0          0          0
      0.76          0          0          0
      0.77          0          0          0
      0.78          0          0          0
      0.79          0          0          0
       0.8          0          0          0
      0.81          0          0          0
      0.82          0          0          0
      0.83          0          0          0
      0.84          0          0          0
      0.85          0          0          0
      0.86          0          0          0
      0.87          0          0          0
      0.88          0          0          0
      0.89          0          0          0
       0.9          0          0          0
      0.91          0          0          0
      0.92          0          0          0
      0.93          0          0          0
      0.94          0          0          0
      0.95          0          0          0
      0.96          0          0          0
      0.97          0          0          0
      0.98          0          0          0
      0.99          0          0          0
