         0          1   0.150167   0.261123
      0.01   0.868868   0.167645   0.281061
      0.02   0.868868   0.167645   0.281061
      0.03   0.868868   0.167663   0.281085
      0.04   0.868868   0.167725   0.281172
      0.05   0.868868   0.167787   0.281259
      0.06   0.868868   0.167763   0.281226
      0.07   0.868394   0.167784   0.281231
      0.08   0.867255   0.168134   0.281662
      0.09   0.866306   0.168952   0.282758
       0.1   0.858241   0.170745   0.284825
      0.11   0.840782   0.172894    0.28681
      0.12   0.828447   0.174368   0.288098
      0.13   0.797514   0.175129   0.287193
      0.14   0.764589   0.176335   0.286577
      0.15   0.715533   0.177091   0.283914
      0.16   0.680994   0.178326   0.282639
      0.17   0.598444   0.173613   0.269145
      0.18   0.575007   0.173369   0.266412
      0.19   0.535155   0.173451   0.261988
       0.2   0.490179   0.171856   0.254488
      0.21   0.436948   0.169234   0.243974
      0.22   0.383528   0.167189   0.232866
      0.23    0.35288    0.16617   0.225944
      0.24   0.323845   0.160474   0.214605
      0.25   0.298036   0.157114   0.205759
      0.26   0.257994   0.149344   0.189179
      0.27   0.231901   0.145417   0.178747
      0.28   0.209223   0.139177   0.167159
      0.29   0.198406   0.139391   0.163744
       0.3   0.168896   0.133767   0.149293
      0.31   0.160926   0.135373   0.147048
      0.32   0.147547   0.133894   0.140389
      0.33   0.139672   0.134224   0.136894
      0.34   0.129045    0.13708   0.132941
      0.35    0.12449   0.138117    0.13095
      0.36   0.117943   0.137607   0.127018
      0.37   0.106936     0.1261    0.11573
      0.38  0.0982067    0.12759   0.110986
      0.39  0.0861562   0.125323   0.102113
       0.4  0.0797988   0.120056   0.095873
      0.41  0.0686972   0.128162  0.0894484
      0.42  0.0560774    0.12731  0.0778594
      0.43  0.0553183    0.13981  0.0792716
      0.44  0.0440269   0.133523  0.0662192
      0.45  0.0433627   0.147541  0.0670263
      0.46  0.0410855   0.147679  0.0642861
      0.47  0.0280862   0.136612  0.0465932
      0.48  0.0234368   0.140741  0.0401822
      0.49  0.0195464   0.162162  0.0348877
       0.5  0.0151817   0.130952   0.027209
      0.51  0.0151817   0.180328  0.0280056
      0.52  0.0131891   0.204545  0.0247804
      0.53  0.0120505   0.307692  0.0231926
      0.54  0.0120505   0.347826  0.0232939
      0.55  0.0120505   0.384615  0.0233688
      0.56 0.00711642   0.333333  0.0139353
      0.57  0.0053136       0.25   0.010406
      0.58          0          0          0
      0.59          0          0          0
       0.6          0          0          0
      0.61          0          0          0
      0.62          0          0          0
      0.63          0          0          0
      0.64          0          0          0
      0.65          0          0          0
      0.66          0          0          0
      0.67          0          0          0
      0.68          0          0          0
      0.69          0          0          0
       0.7          0          0          0
      0.71          0          0          0
      0.72          0          0          0
      0.73          0          0          0
      0.74          0          0          0
      0.75          0          0          0
      0.76          0          0          0
      0.77          0          0          0
      0.78          0          0          0
      0.79          0          0          0
       0.8          0          0          0
      0.81          0          0          0
      0.82          0          0          0
      0.83          0          0          0
      0.84          0          0          0
      0.85          0          0          0
      0.86          0          0          0
      0.87          0          0          0
      0.88          0          0          0
      0.89          0          0          0
       0.9          0          0          0
      0.91          0          0          0
      0.92          0          0          0
      0.93          0          0          0
      0.94          0          0          0
      0.95          0          0          0
      0.96          0          0          0
      0.97          0          0          0
      0.98          0          0          0
      0.99          0          0          0
