         0          1   0.230724    0.37494
      0.01   0.802674   0.212573   0.336129
      0.02   0.802674   0.212573   0.336129
      0.03   0.802674   0.212573   0.336129
      0.04   0.802674   0.212637   0.336209
      0.05   0.802674   0.212628   0.336197
      0.06   0.802674   0.212735   0.336331
      0.07    0.80242   0.212529   0.336051
      0.08   0.800728   0.212516   0.335886
      0.09   0.798189   0.213111   0.336405
       0.1   0.792858   0.213204   0.336044
      0.11   0.786851    0.21526   0.338041
      0.12   0.781097   0.217252   0.339951
      0.13   0.764004    0.22172   0.343696
      0.14   0.750212   0.226287   0.347698
      0.15   0.719411   0.231859   0.350693
      0.16   0.691234    0.23533   0.351121
      0.17   0.659587   0.243466   0.355653
      0.18   0.636064   0.245231   0.353985
      0.19   0.582586   0.249337   0.349216
       0.2   0.551701   0.251453   0.345455
      0.21   0.511762   0.255668   0.340985
      0.22   0.471146    0.25732   0.332851
      0.23   0.446691   0.257312    0.32653
      0.24   0.410391   0.260921   0.319016
      0.25   0.391437   0.262424   0.314203
      0.26   0.348367   0.262597   0.299461
      0.27   0.316043    0.26478    0.28815
      0.28   0.294381   0.267308   0.280192
      0.29   0.280758   0.271017   0.275802
       0.3   0.261381    0.26989   0.265567
      0.31   0.248096   0.275162   0.260929
      0.32   0.235996   0.283311   0.257498
      0.33   0.213996    0.28074   0.242866
      0.34    0.18658   0.279257   0.223699
      0.35   0.161618   0.279939   0.204926
      0.36   0.146387   0.283749   0.193135
      0.37   0.128956   0.286316   0.177821
      0.38   0.107125   0.277435   0.154567
      0.39  0.0927399    0.27534   0.138747
       0.4  0.0830936   0.286225   0.128796
      0.41  0.0723473   0.297052   0.116356
      0.42  0.0643087   0.315186   0.106822
      0.43  0.0453545   0.312715  0.0792195
      0.44  0.0386698   0.348837  0.0696218
      0.45  0.0367236   0.388571  0.0671052
      0.46  0.0287697   0.422414  0.0538704
      0.47  0.0266543   0.462366  0.0504029
      0.48  0.0227619        0.5  0.0435416
      0.49  0.0201388       0.54  0.0388294
       0.5  0.0192926   0.588235  0.0373599
      0.51  0.0102386    0.52381  0.0200847
      0.52 0.00998477   0.555556   0.019617
      0.53 0.00998477     0.5625  0.0196212
      0.54 0.00871552   0.583333  0.0171744
      0.55 0.00533085        0.5  0.0105492
      0.56 0.00533085        0.5  0.0105492
      0.57 0.00270773        0.2 0.00534313
      0.58          0          0          0
      0.59          0          0          0
       0.6          0          0          0
      0.61          0          0          0
      0.62          0          0          0
      0.63          0          0          0
      0.64          0          0          0
      0.65          0          0          0
      0.66          0          0          0
      0.67          0          0          0
      0.68          0          0          0
      0.69          0          0          0
       0.7          0          0          0
      0.71          0          0          0
      0.72          0          0          0
      0.73          0          0          0
      0.74          0          0          0
      0.75          0          0          0
      0.76          0          0          0
      0.77          0          0          0
      0.78          0          0          0
      0.79          0          0          0
       0.8          0          0          0
      0.81          0          0          0
      0.82          0          0          0
      0.83          0          0          0
      0.84          0          0          0
      0.85          0          0          0
      0.86          0          0          0
      0.87          0          0          0
      0.88          0          0          0
      0.89          0          0          0
       0.9          0          0          0
      0.91          0          0          0
      0.92          0          0          0
      0.93          0          0          0
      0.94          0          0          0
      0.95          0          0          0
      0.96          0          0          0
      0.97          0          0          0
      0.98          0          0          0
      0.99          0          0          0
