         0          1   0.253826   0.404882
      0.01   0.951083   0.339713   0.500614
      0.02   0.951083   0.339765    0.50067
      0.03   0.951083   0.339732   0.500635
      0.04   0.950646   0.339892   0.500748
      0.05   0.950208   0.340123   0.500938
      0.06   0.949989   0.340579   0.501401
      0.07   0.949114   0.340936   0.501666
      0.08   0.942985   0.344401   0.504534
      0.09    0.93724   0.349135   0.508753
       0.1    0.91995   0.357887   0.515305
      0.11   0.892099   0.373144   0.526194
      0.12   0.865671   0.382501   0.530568
      0.13   0.817575   0.397158   0.534614
      0.14   0.788849   0.408185    0.53799
      0.15   0.737962   0.424029   0.538588
      0.16   0.711206   0.436081   0.540655
      0.17   0.674874   0.450681    0.54045
      0.18   0.645656   0.461947   0.538566
      0.19   0.598052   0.481169   0.533281
       0.2   0.569326   0.495961   0.530117
      0.21   0.519534   0.507742    0.51357
      0.22   0.486157   0.526408   0.505483
      0.23   0.452834   0.537118   0.491388
      0.24   0.401291   0.553615   0.465304
      0.25   0.364905   0.559978   0.441869
      0.26   0.331035    0.57672    0.42063
      0.27   0.302747   0.589218    0.39998
      0.28   0.266032   0.596209   0.367903
      0.29   0.249398   0.607527   0.353627
       0.3    0.22401   0.615486    0.32847
      0.31   0.191289   0.636519   0.294172
      0.32   0.161523    0.63278   0.257354
      0.33   0.139801   0.650919   0.230168
      0.34   0.125903   0.646526   0.210762
      0.35   0.103414      0.636   0.177902
      0.36  0.0809805   0.622642   0.143321
      0.37   0.062158   0.585987   0.112394
      0.38  0.0524732   0.565891  0.0960408
      0.39  0.0395601    0.55914  0.0738922
       0.4   0.030696   0.567164  0.0582399
      0.41  0.0213395   0.612245  0.0412415
      0.42  0.0174546   0.551724  0.0338386
      0.43  0.0126942   0.521739  0.0247854
      0.44 0.00935653     0.5625  0.0184069
      0.45 0.00864522        0.7  0.0170795
      0.46  0.0076056      0.625  0.0150283
      0.47 0.00656599        0.6  0.0129898
      0.48          0          0          0
      0.49          0          0          0
       0.5          0          0          0
      0.51          0          0          0
      0.52          0          0          0
      0.53          0          0          0
      0.54          0          0          0
      0.55          0          0          0
      0.56          0          0          0
      0.57          0          0          0
      0.58          0          0          0
      0.59          0          0          0
       0.6          0          0          0
      0.61          0          0          0
      0.62          0          0          0
      0.63          0          0          0
      0.64          0          0          0
      0.65          0          0          0
      0.66          0          0          0
      0.67          0          0          0
      0.68          0          0          0
      0.69          0          0          0
       0.7          0          0          0
      0.71          0          0          0
      0.72          0          0          0
      0.73          0          0          0
      0.74          0          0          0
      0.75          0          0          0
      0.76          0          0          0
      0.77          0          0          0
      0.78          0          0          0
      0.79          0          0          0
       0.8          0          0          0
      0.81          0          0          0
      0.82          0          0          0
      0.83          0          0          0
      0.84          0          0          0
      0.85          0          0          0
      0.86          0          0          0
      0.87          0          0          0
      0.88          0          0          0
      0.89          0          0          0
       0.9          0          0          0
      0.91          0          0          0
      0.92          0          0          0
      0.93          0          0          0
      0.94          0          0          0
      0.95          0          0          0
      0.96          0          0          0
      0.97          0          0          0
      0.98          0          0          0
      0.99          0          0          0
