         0          1   0.418411   0.589971
      0.01   0.972372   0.563295   0.713347
      0.02   0.972372   0.563295   0.713347
      0.03   0.972372   0.563356   0.713396
      0.04   0.972372   0.563877   0.713814
      0.05   0.972372   0.564068   0.713967
      0.06   0.972372   0.564474   0.714292
      0.07    0.97234   0.564696   0.714462
      0.08   0.972213   0.564662     0.7144
      0.09   0.972213   0.564519   0.714285
       0.1    0.97196   0.565234   0.714789
      0.11   0.971739   0.566357   0.715626
      0.12   0.971264   0.568051   0.716848
      0.13   0.969428   0.572867   0.720165
      0.14   0.967909   0.579329   0.724824
      0.15   0.964871   0.590426   0.732574
      0.16   0.959206   0.600013   0.738236
      0.17   0.949079   0.620719   0.750557
      0.18   0.939775   0.643651   0.764023
      0.19   0.918159   0.678886   0.780598
       0.2   0.903127   0.697828   0.787314
      0.21   0.874676   0.730646     0.7962
      0.22   0.835496    0.76092   0.796466
      0.23   0.804545   0.771891    0.78788
      0.24   0.760744   0.792327   0.776214
      0.25   0.739509   0.805016   0.770873
      0.26   0.696626   0.827118   0.756284
      0.27   0.671973   0.842123   0.747487
      0.28   0.633838   0.862799   0.730804
      0.29   0.609058    0.87308   0.717553
       0.3   0.576271   0.890939   0.699862
      0.31   0.543389    0.91405   0.681586
      0.32   0.529401   0.922362   0.672698
      0.33   0.511931   0.931863   0.660828
      0.34   0.503766   0.939261   0.655799
      0.35   0.481391   0.950096   0.639011
      0.36   0.461738    0.95592   0.622696
      0.37   0.434996   0.966049   0.599877
      0.38   0.421862   0.970265   0.588047
      0.39   0.396892   0.976115   0.564327
       0.4   0.387303   0.983045   0.555678
      0.41   0.377366    0.98591   0.545816
      0.42   0.357586   0.985106   0.524707
      0.43   0.349674    0.98412   0.516003
      0.44   0.338123   0.983118   0.503185
      0.45   0.326381   0.981876   0.489913
      0.46   0.308089   0.981613   0.468983
      0.47   0.297139   0.980683   0.456087
      0.48   0.273467   0.981159    0.42772
      0.49   0.257326   0.979822   0.407605
       0.5   0.228622   0.977451   0.370569
      0.51   0.191246   0.977186   0.319887
      0.52   0.169979   0.974843   0.289482
      0.53    0.13735    0.96875    0.24059
      0.54   0.107285   0.962712   0.193056
      0.55  0.0782644   0.973545   0.144882
      0.56  0.0638964   0.968254   0.119882
      0.57  0.0400658       0.96  0.0769213
      0.58  0.0252864   0.978261  0.0492985
      0.59  0.0123109          1  0.0243224
       0.6 0.00867143          1  0.0171938
      0.61 0.00439901          1 0.00875949
      0.62 0.000632951          1  0.0012651
      0.63 0.000538009          1 0.00107544
      0.64 0.000474714          1 0.000948977
      0.65 0.000348123          1 0.000696004
      0.66          0          0          0
      0.67          0          0          0
      0.68          0          0          0
      0.69          0          0          0
       0.7          0          0          0
      0.71          0          0          0
      0.72          0          0          0
      0.73          0          0          0
      0.74          0          0          0
      0.75          0          0          0
      0.76          0          0          0
      0.77          0          0          0
      0.78          0          0          0
      0.79          0          0          0
       0.8          0          0          0
      0.81          0          0          0
      0.82          0          0          0
      0.83          0          0          0
      0.84          0          0          0
      0.85          0          0          0
      0.86          0          0          0
      0.87          0          0          0
      0.88          0          0          0
      0.89          0          0          0
       0.9          0          0          0
      0.91          0          0          0
      0.92          0          0          0
      0.93          0          0          0
      0.94          0          0          0
      0.95          0          0          0
      0.96          0          0          0
      0.97          0          0          0
      0.98          0          0          0
      0.99          0          0          0
