         0          1   0.223412   0.365227
      0.01   0.971997   0.310533   0.470691
      0.02   0.971997   0.310533   0.470691
      0.03   0.971997   0.310533   0.470691
      0.04   0.971997   0.310547   0.470706
      0.05   0.971997   0.310544   0.470703
      0.06   0.971575   0.310638   0.470762
      0.07   0.971435   0.310697   0.470812
      0.08   0.971153   0.311261   0.471427
      0.09    0.97059   0.311791   0.471968
       0.1   0.969676     0.3134     0.4737
      0.11   0.967354   0.315721   0.476065
      0.12   0.964188   0.317941   0.478196
      0.13   0.959474   0.323217   0.483543
      0.14   0.954127   0.328926   0.489204
      0.15   0.937874   0.340186   0.499275
      0.16   0.927742   0.349301   0.507518
      0.17   0.906002   0.362514   0.517831
      0.18   0.890382    0.37043   0.523193
      0.19   0.862591   0.380279   0.527851
       0.2   0.837332    0.38695   0.529299
      0.21   0.790333     0.3961   0.527718
      0.22   0.737916   0.405698   0.523552
      0.23   0.705059   0.410354   0.518774
      0.24   0.616196   0.416851    0.49729
      0.25   0.590516   0.427425   0.495905
      0.26   0.509393   0.438646    0.47138
      0.27   0.468022    0.44459   0.456005
      0.28     0.4047   0.463184   0.431971
      0.29   0.359952   0.472559    0.40864
       0.3   0.301414   0.489707   0.373153
      0.31    0.26532   0.504013   0.347638
      0.32   0.250193    0.52549   0.338989
      0.33     0.2122   0.542526   0.305075
      0.34   0.190952   0.556575   0.284348
      0.35   0.154155    0.55144   0.240952
      0.36   0.125941     0.5575   0.205467
      0.37   0.101738   0.564014   0.172381
      0.38  0.0904102   0.578059   0.156364
      0.39  0.0641666   0.549708   0.114919
       0.4  0.0579751   0.542857   0.104762
      0.41  0.0442553   0.520408  0.0815735
      0.42  0.0233589    0.53125  0.0447501
      0.43  0.0162527   0.545455  0.0315649
      0.44  0.0108352        0.5  0.0212107
      0.45 0.00619151   0.538462  0.0122423
      0.46 0.00415113   0.571429 0.00824238
      0.47 0.00189967        0.4 0.00378138
      0.48 0.00119609   0.333333 0.00238362
      0.49          0          0          0
       0.5          0          0          0
      0.51          0          0          0
      0.52          0          0          0
      0.53          0          0          0
      0.54          0          0          0
      0.55          0          0          0
      0.56          0          0          0
      0.57          0          0          0
      0.58          0          0          0
      0.59          0          0          0
       0.6          0          0          0
      0.61          0          0          0
      0.62          0          0          0
      0.63          0          0          0
      0.64          0          0          0
      0.65          0          0          0
      0.66          0          0          0
      0.67          0          0          0
      0.68          0          0          0
      0.69          0          0          0
       0.7          0          0          0
      0.71          0          0          0
      0.72          0          0          0
      0.73          0          0          0
      0.74          0          0          0
      0.75          0          0          0
      0.76          0          0          0
      0.77          0          0          0
      0.78          0          0          0
      0.79          0          0          0
       0.8          0          0          0
      0.81          0          0          0
      0.82          0          0          0
      0.83          0          0          0
      0.84          0          0          0
      0.85          0          0          0
      0.86          0          0          0
      0.87          0          0          0
      0.88          0          0          0
      0.89          0          0          0
       0.9          0          0          0
      0.91          0          0          0
      0.92          0          0          0
      0.93          0          0          0
      0.94          0          0          0
      0.95          0          0          0
      0.96          0          0          0
      0.97          0          0          0
      0.98          0          0          0
      0.99          0          0          0
