         0          1   0.176689   0.300316
      0.01   0.905893   0.176487   0.295419
      0.02   0.905893   0.176495   0.295431
      0.03   0.905893   0.176543   0.295498
      0.04   0.905893   0.176623   0.295611
      0.05   0.905893   0.176739   0.295772
      0.06   0.905318   0.177114   0.296267
      0.07   0.905071    0.17733   0.296557
      0.08   0.900468   0.177847    0.29703
      0.09   0.896112   0.178029   0.297045
       0.1   0.880085   0.178406   0.296673
      0.11   0.834881   0.179826   0.295914
      0.12   0.792554   0.183685   0.298247
      0.13   0.762472   0.192819     0.3078
      0.14   0.740035   0.200801   0.315888
      0.15   0.693597   0.212644   0.325496
      0.16   0.670749   0.224294   0.336173
      0.17   0.613216   0.241522   0.346551
      0.18   0.586422   0.258322   0.358655
      0.19   0.555519   0.286241   0.377809
       0.2    0.51615   0.302857    0.38173
      0.21   0.486151   0.336701   0.397854
      0.22   0.426399   0.372837   0.397823
      0.23   0.411605   0.398617   0.405007
      0.24   0.386784   0.442488   0.412765
      0.25   0.362867   0.470058   0.409565
      0.26   0.307635   0.510708   0.383976
      0.27   0.291691   0.549254   0.381029
      0.28   0.256431    0.59292   0.358022
      0.29   0.237528   0.621461   0.343693
       0.3   0.210159   0.653992   0.318098
      0.31   0.191502   0.688279   0.299635
      0.32   0.176625   0.737805   0.285019
      0.33   0.143339   0.762846   0.241331
      0.34   0.120572   0.778894   0.208819
      0.35  0.0909016   0.815385   0.163568
      0.36  0.0720802       0.81    0.13238
      0.37  0.0586011   0.859155   0.109719
      0.38  0.0503822   0.888889  0.0953594
      0.39  0.0415057   0.918367  0.0794219
       0.4  0.0401907    0.95122  0.0771228
      0.41  0.0344374   0.969697  0.0665127
      0.42  0.0263828   0.956522  0.0513494
      0.43  0.0204652          1  0.0401095
      0.44  0.0123284          1  0.0243566
      0.45  0.0123284          1  0.0243566
      0.46 0.00928742          1  0.0184039
      0.47 0.00871209          1  0.0172737
      0.48          0          0          0
      0.49          0          0          0
       0.5          0          0          0
      0.51          0          0          0
      0.52          0          0          0
      0.53          0          0          0
      0.54          0          0          0
      0.55          0          0          0
      0.56          0          0          0
      0.57          0          0          0
      0.58          0          0          0
      0.59          0          0          0
       0.6          0          0          0
      0.61          0          0          0
      0.62          0          0          0
      0.63          0          0          0
      0.64          0          0          0
      0.65          0          0          0
      0.66          0          0          0
      0.67          0          0          0
      0.68          0          0          0
      0.69          0          0          0
       0.7          0          0          0
      0.71          0          0          0
      0.72          0          0          0
      0.73          0          0          0
      0.74          0          0          0
      0.75          0          0          0
      0.76          0          0          0
      0.77          0          0          0
      0.78          0          0          0
      0.79          0          0          0
       0.8          0          0          0
      0.81          0          0          0
      0.82          0          0          0
      0.83          0          0          0
      0.84          0          0          0
      0.85          0          0          0
      0.86          0          0          0
      0.87          0          0          0
      0.88          0          0          0
      0.89          0          0          0
       0.9          0          0          0
      0.91          0          0          0
      0.92          0          0          0
      0.93          0          0          0
      0.94          0          0          0
      0.95          0          0          0
      0.96          0          0          0
      0.97          0          0          0
      0.98          0          0          0
      0.99          0          0          0
