         0          1   0.263807   0.417479
      0.01   0.968385   0.463953   0.627345
      0.02   0.968385   0.463953   0.627345
      0.03   0.968385   0.464136   0.627513
      0.04   0.968385   0.464781   0.628102
      0.05   0.968385   0.465594   0.628844
      0.06   0.968159   0.469336   0.632199
      0.07   0.967856     0.4724   0.634909
      0.08   0.966119   0.481159   0.642388
      0.09   0.962493   0.487899   0.647548
       0.1   0.953314    0.49894   0.655046
      0.11   0.936808   0.510938   0.661236
      0.12    0.92763    0.52456   0.670157
      0.13   0.906025   0.540232    0.67687
      0.14   0.892162    0.54811   0.679043
      0.15   0.854806   0.561626   0.677874
      0.16   0.829613   0.570088   0.675791
      0.17   0.795656   0.585247   0.674422
      0.18   0.762229   0.596768   0.669426
      0.19   0.704287   0.611475   0.654608
       0.2   0.668933     0.6234   0.645364
      0.21   0.637771   0.646561   0.642136
      0.22   0.601322   0.657671   0.628235
      0.23   0.576582   0.661348   0.616063
      0.24   0.538697   0.670412    0.59738
      0.25    0.49492   0.667355   0.568346
      0.26   0.382323   0.666667   0.485957
      0.27   0.300094   0.668831   0.414299
      0.28   0.235279   0.682445   0.349919
      0.29   0.220208   0.694637   0.334405
       0.3    0.20797     0.7023    0.32091
      0.31   0.198074   0.730912   0.311683
      0.32   0.194259   0.771337   0.310355
      0.33   0.185911   0.806423   0.302162
      0.34   0.178621   0.834128   0.294235
      0.35   0.172767   0.844422   0.286846
      0.36   0.169745   0.845011   0.282701
      0.37   0.164608   0.858621   0.276255
      0.38   0.159245   0.869249   0.269177
      0.39   0.152295   0.884932   0.259867
       0.4   0.148782    0.89911   0.255315
      0.41    0.14153   0.908027    0.24489
      0.42   0.134693   0.913462   0.234769
      0.43   0.127743    0.92161   0.224385
      0.44   0.115127   0.934509      0.205
      0.45   0.105496       0.94   0.189701
      0.46  0.0911804    0.93985   0.166233
      0.47  0.0846459    0.95045   0.155448
      0.48   0.060661   0.980519   0.114254
      0.49  0.0474788    0.98374  0.0905855
       0.5  0.0338432   0.974026  0.0654137
      0.51  0.0231161   0.962264  0.0451477
      0.52  0.0167705   0.939394  0.0329528
      0.53  0.0070255          1   0.013953
      0.54 0.00120869          1 0.00241446
      0.55          0          0          0
      0.56          0          0          0
      0.57          0          0          0
      0.58          0          0          0
      0.59          0          0          0
       0.6          0          0          0
      0.61          0          0          0
      0.62          0          0          0
      0.63          0          0          0
      0.64          0          0          0
      0.65          0          0          0
      0.66          0          0          0
      0.67          0          0          0
      0.68          0          0          0
      0.69          0          0          0
       0.7          0          0          0
      0.71          0          0          0
      0.72          0          0          0
      0.73          0          0          0
      0.74          0          0          0
      0.75          0          0          0
      0.76          0          0          0
      0.77          0          0          0
      0.78          0          0          0
      0.79          0          0          0
       0.8          0          0          0
      0.81          0          0          0
      0.82          0          0          0
      0.83          0          0          0
      0.84          0          0          0
      0.85          0          0          0
      0.86          0          0          0
      0.87          0          0          0
      0.88          0          0          0
      0.89          0          0          0
       0.9          0          0          0
      0.91          0          0          0
      0.92          0          0          0
      0.93          0          0          0
      0.94          0          0          0
      0.95          0          0          0
      0.96          0          0          0
      0.97          0          0          0
      0.98          0          0          0
      0.99          0          0          0
