         0          1   0.181029   0.306561
      0.01   0.794485   0.197243   0.316027
      0.02   0.794485   0.197243   0.316027
      0.03   0.794485   0.197167    0.31593
      0.04   0.794485   0.197072   0.315808
      0.05   0.794485   0.197089    0.31583
      0.06   0.794485    0.19696   0.315664
      0.07   0.791685   0.196844   0.315294
      0.08   0.789315   0.196779   0.315021
      0.09   0.788776   0.196727   0.314912
       0.1   0.783606   0.197249   0.315164
      0.11   0.774666   0.198036   0.315434
      0.12   0.767126   0.199009   0.316032
      0.13   0.751616   0.201973   0.318389
      0.14   0.740629   0.203615   0.319416
      0.15   0.709608   0.208179   0.321916
      0.16   0.683003   0.212591   0.324255
      0.17   0.649074    0.21992   0.328528
      0.18    0.62807   0.225953   0.332343
      0.19   0.601034   0.237279   0.340238
       0.2   0.586277   0.244681   0.345266
      0.21    0.56732   0.258182   0.354867
      0.22   0.548901   0.271267   0.363093
      0.23   0.534791   0.282499   0.369704
      0.24   0.518203    0.29909   0.379275
      0.25   0.507001   0.307676   0.382955
      0.26   0.489336   0.329694   0.393957
      0.27   0.479427   0.343407   0.400175
      0.28   0.464994   0.360857    0.40636
      0.29   0.450668   0.372378   0.407799
       0.3   0.439897   0.393363    0.41533
      0.31   0.414692   0.410462   0.412566
      0.32    0.40349   0.426332   0.414597
      0.33   0.381947   0.449054   0.412791
      0.34   0.363636    0.46653   0.408707
      0.35    0.34791   0.485235   0.405255
      0.36   0.336385   0.493427   0.400046
      0.37   0.313873   0.503086   0.386568
      0.38   0.302025   0.517564   0.381453
      0.39   0.271435   0.516713   0.355908
       0.4   0.247523   0.514821   0.334311
      0.41   0.226088   0.520947   0.315326
      0.42    0.19162   0.532009   0.281756
      0.43   0.176325   0.537313   0.265517
      0.44   0.149397   0.553191   0.235259
      0.45   0.137118   0.557554   0.220105
      0.46   0.110836   0.546667   0.184304
      0.47    0.10545      0.565   0.177729
      0.48  0.0855235   0.604317   0.149841
      0.49  0.0809996    0.63964    0.14379
       0.5  0.0637656   0.671233   0.116467
      0.51  0.0425463   0.644444  0.0798227
      0.52  0.0386687   0.677419  0.0731611
      0.53  0.0171262   0.714286  0.0334504
      0.54 0.00850926       0.75  0.0168276
      0.55 0.00280052          1 0.00558539
      0.56 0.00247738          1 0.00494252
      0.57  0.0017234          1 0.00344086
      0.58          0          0          0
      0.59          0          0          0
       0.6          0          0          0
      0.61          0          0          0
      0.62          0          0          0
      0.63          0          0          0
      0.64          0          0          0
      0.65          0          0          0
      0.66          0          0          0
      0.67          0          0          0
      0.68          0          0          0
      0.69          0          0          0
       0.7          0          0          0
      0.71          0          0          0
      0.72          0          0          0
      0.73          0          0          0
      0.74          0          0          0
      0.75          0          0          0
      0.76          0          0          0
      0.77          0          0          0
      0.78          0          0          0
      0.79          0          0          0
       0.8          0          0          0
      0.81          0          0          0
      0.82          0          0          0
      0.83          0          0          0
      0.84          0          0          0
      0.85          0          0          0
      0.86          0          0          0
      0.87          0          0          0
      0.88          0          0          0
      0.89          0          0          0
       0.9          0          0          0
      0.91          0          0          0
      0.92          0          0          0
      0.93          0          0          0
      0.94          0          0          0
      0.95          0          0          0
      0.96          0          0          0
      0.97          0          0          0
      0.98          0          0          0
      0.99          0          0          0
