         0          1   0.235879   0.381719
      0.01    0.96128   0.367405   0.531622
      0.02    0.96128   0.367387   0.531603
      0.03    0.96121   0.367592   0.531807
      0.04    0.96121    0.36922   0.533509
      0.05   0.960786   0.372512   0.536871
      0.06   0.958101   0.384587   0.548859
      0.07   0.950117   0.398171   0.561169
      0.08   0.929414   0.423146   0.581531
      0.09   0.908288    0.44327   0.595782
       0.1   0.861937   0.477999   0.614963
      0.11   0.812973   0.513143   0.629162
      0.12   0.783721   0.540703   0.639916
      0.13   0.730516   0.581201    0.64736
      0.14   0.699074   0.609263   0.651086
      0.15   0.657316    0.65319   0.655247
      0.16   0.637815   0.687767    0.66185
      0.17   0.609835   0.737177   0.667487
      0.18   0.587508   0.769121   0.666158
      0.19   0.555713   0.821727   0.663033
       0.2   0.528015   0.845009    0.64992
      0.21   0.504911   0.877447   0.640981
      0.22   0.462446   0.889265   0.608469
      0.23   0.434254   0.892176   0.584171
      0.24   0.378294   0.910913   0.534582
      0.25   0.346782   0.914498   0.502872
      0.26   0.299159   0.924929   0.452093
      0.27   0.286724   0.935484    0.43892
      0.28   0.254434   0.944154   0.400846
      0.29   0.218328   0.954455   0.355367
       0.3   0.187522   0.975057    0.31455
      0.31   0.174733   0.992084   0.297133
      0.32   0.161379   0.991098   0.277563
      0.33   0.138628   0.996416   0.243393
      0.34   0.129513   0.995833   0.229216
      0.35   0.111566          1   0.200737
      0.36  0.0929838          1   0.170147
      0.37  0.0765915          1   0.142285
      0.38  0.0758143          1   0.140943
      0.39  0.0732707          1   0.136537
       0.4  0.0698792          1    0.13063
      0.41  0.0679715          1   0.127291
      0.42  0.0568077          1   0.107508
      0.43  0.0533456          1   0.101288
      0.44  0.0446548          1  0.0854921
      0.45   0.043807          1  0.0839369
      0.46  0.0382251          1  0.0736355
      0.47  0.0316541          1  0.0613657
      0.48  0.0261429          1  0.0509537
      0.49  0.0219035          1   0.042868
       0.5  0.0136367          1  0.0269065
      0.51  0.0130008          1  0.0256679
      0.52  0.0118703          1   0.023462
      0.53  0.0108104          1  0.0213896
      0.54 0.00876139          1  0.0173706
      0.55 0.00876139          1  0.0173706
      0.56 0.00282626          1 0.00563658
      0.57          0          0          0
      0.58          0          0          0
      0.59          0          0          0
       0.6          0          0          0
      0.61          0          0          0
      0.62          0          0          0
      0.63          0          0          0
      0.64          0          0          0
      0.65          0          0          0
      0.66          0          0          0
      0.67          0          0          0
      0.68          0          0          0
      0.69          0          0          0
       0.7          0          0          0
      0.71          0          0          0
      0.72          0          0          0
      0.73          0          0          0
      0.74          0          0          0
      0.75          0          0          0
      0.76          0          0          0
      0.77          0          0          0
      0.78          0          0          0
      0.79          0          0          0
       0.8          0          0          0
      0.81          0          0          0
      0.82          0          0          0
      0.83          0          0          0
      0.84          0          0          0
      0.85          0          0          0
      0.86          0          0          0
      0.87          0          0          0
      0.88          0          0          0
      0.89          0          0          0
       0.9          0          0          0
      0.91          0          0          0
      0.92          0          0          0
      0.93          0          0          0
      0.94          0          0          0
      0.95          0          0          0
      0.96          0          0          0
      0.97          0          0          0
      0.98          0          0          0
      0.99          0          0          0
