         0          1   0.265439    0.41952
      0.01   0.917449   0.347352   0.503918
      0.02   0.917449   0.347371   0.503937
      0.03   0.917449   0.347371   0.503937
      0.04   0.917449    0.34741   0.503978
      0.05   0.917449   0.347486   0.504059
      0.06    0.91685   0.347805   0.504304
      0.07    0.91637   0.348036   0.504473
      0.08   0.914693   0.349308   0.505553
      0.09   0.913455   0.351131   0.507269
       0.1    0.91026   0.354624   0.510403
      0.11   0.902752   0.362127   0.516905
      0.12   0.895363   0.368359   0.521974
      0.13   0.871161   0.383086   0.532159
      0.14   0.853708     0.3932   0.538417
      0.15   0.838252   0.415915   0.555973
      0.16   0.834458   0.435072   0.571943
      0.17   0.812612   0.457905   0.585745
      0.18    0.80107   0.469277   0.591844
      0.19   0.779784   0.490813   0.602438
       0.2    0.75031    0.50188   0.601451
      0.21   0.721355   0.521259   0.605196
      0.22   0.693159   0.543331   0.609167
      0.23   0.665682   0.551474   0.603219
      0.24   0.633891   0.564257    0.59705
      0.25   0.600982   0.570248   0.585212
      0.26   0.562363   0.581601    0.57182
      0.27   0.534127   0.584211   0.558047
      0.28   0.480131   0.585025   0.527413
      0.29   0.449938    0.58989   0.510496
       0.3   0.392907   0.598583   0.474412
      0.31   0.347897   0.597421   0.439727
      0.32    0.32066   0.588089   0.415025
      0.33   0.277647    0.59407   0.378429
      0.34   0.247254   0.599034   0.350031
      0.35   0.207676   0.588957   0.307073
      0.36   0.188506   0.584229   0.285041
      0.37   0.146891   0.580723   0.234473
      0.38   0.117936   0.569014   0.195377
      0.39  0.0881026   0.551095   0.151918
       0.4  0.0771197   0.569565   0.135846
      0.41  0.0625424   0.610778   0.113466
      0.42  0.0528775   0.623077  0.0974822
      0.43  0.0506011    0.62931  0.0936704
      0.44  0.0471265   0.644444  0.0878302
      0.45    0.03846   0.671233  0.0727515
      0.46  0.0323895   0.666667  0.0617775
      0.47  0.0266784   0.630435  0.0511905
      0.48  0.0235632   0.594595  0.0453301
      0.49   0.018571   0.551724  0.0359326
       0.5 0.00834698   0.466667  0.0164006
      0.51 0.00367427   0.285714 0.00725523
      0.52 0.00367427        0.4 0.00728165
      0.53          0          0          0
      0.54          0          0          0
      0.55          0          0          0
      0.56          0          0          0
      0.57          0          0          0
      0.58          0          0          0
      0.59          0          0          0
       0.6          0          0          0
      0.61          0          0          0
      0.62          0          0          0
      0.63          0          0          0
      0.64          0          0          0
      0.65          0          0          0
      0.66          0          0          0
      0.67          0          0          0
      0.68          0          0          0
      0.69          0          0          0
       0.7          0          0          0
      0.71          0          0          0
      0.72          0          0          0
      0.73          0          0          0
      0.74          0          0          0
      0.75          0          0          0
      0.76          0          0          0
      0.77          0          0          0
      0.78          0          0          0
      0.79          0          0          0
       0.8          0          0          0
      0.81          0          0          0
      0.82          0          0          0
      0.83          0          0          0
      0.84          0          0          0
      0.85          0          0          0
      0.86          0          0          0
      0.87          0          0          0
      0.88          0          0          0
      0.89          0          0          0
       0.9          0          0          0
      0.91          0          0          0
      0.92          0          0          0
      0.93          0          0          0
      0.94          0          0          0
      0.95          0          0          0
      0.96          0          0          0
      0.97          0          0          0
      0.98          0          0          0
      0.99          0          0          0
