         0          1    0.32957   0.495755
      0.01   0.945877   0.462289   0.621047
      0.02   0.945877   0.462314   0.621069
      0.03   0.945877   0.462314   0.621069
      0.04   0.945877   0.462384   0.621133
      0.05   0.945877   0.462649   0.621372
      0.06   0.945834   0.463322   0.621969
      0.07   0.945409   0.464479   0.622918
      0.08   0.945154   0.467325   0.625417
      0.09   0.945111   0.472125   0.629692
       0.1    0.94243   0.483561   0.639166
      0.11   0.940941   0.499545   0.652616
      0.12    0.93558   0.513484   0.663056
      0.13   0.925751    0.53615   0.679036
      0.14   0.915454   0.554423     0.6906
      0.15   0.891158   0.585954   0.707025
      0.16   0.875968   0.609417   0.718777
      0.17   0.846396   0.642298   0.730356
      0.18   0.822568   0.665021   0.735452
      0.19   0.778359   0.694708   0.734159
       0.2   0.758872   0.712198   0.734794
      0.21   0.724151   0.736105   0.730079
      0.22   0.683772   0.759179   0.719505
      0.23   0.665603   0.770651   0.714285
      0.24   0.626925   0.785773   0.697419
      0.25   0.601438   0.794663   0.684679
      0.26   0.562122    0.80306    0.66133
      0.27   0.536593   0.808686   0.645123
      0.28    0.48915   0.814936   0.611349
      0.29   0.453791   0.815578   0.583128
       0.3   0.433027   0.824064   0.567727
      0.31   0.402689   0.827303   0.541704
      0.32   0.386222   0.831298    0.52741
      0.33   0.348226   0.835159   0.491512
      0.34   0.329376   0.843768   0.473799
      0.35   0.308825   0.860818   0.454569
      0.36   0.292103   0.865497    0.43679
      0.37   0.271679   0.872507   0.414341
      0.38   0.255127   0.882353   0.395809
      0.39   0.229044    0.89486   0.364733
       0.4   0.209854   0.899471   0.340311
      0.41   0.181091   0.922953   0.302775
      0.42   0.166624    0.92844   0.282541
      0.43   0.157519   0.924752   0.269185
      0.44   0.141052    0.93911   0.245265
      0.45   0.131904   0.940415   0.231357
      0.46   0.114246   0.951299   0.203993
      0.47   0.105395    0.96337   0.190004
      0.48  0.0965875   0.969298    0.17567
      0.49  0.0886308    0.97549   0.162497
       0.5  0.0765892   0.988166    0.14216
      0.51  0.0589737   0.992481   0.111332
      0.52  0.0534848          1   0.101539
      0.53  0.0471024          1  0.0899671
      0.54  0.0420815          1  0.0807644
      0.55  0.0245511          1  0.0479256
      0.56  0.0175304          1  0.0344568
      0.57  0.0118713          1  0.0234641
      0.58  0.0102544          1  0.0203007
      0.59 0.00106374          1 0.00212522
       0.6          0          0          0
      0.61          0          0          0
      0.62          0          0          0
      0.63          0          0          0
      0.64          0          0          0
      0.65          0          0          0
      0.66          0          0          0
      0.67          0          0          0
      0.68          0          0          0
      0.69          0          0          0
       0.7          0          0          0
      0.71          0          0          0
      0.72          0          0          0
      0.73          0          0          0
      0.74          0          0          0
      0.75          0          0          0
      0.76          0          0          0
      0.77          0          0          0
      0.78          0          0          0
      0.79          0          0          0
       0.8          0          0          0
      0.81          0          0          0
      0.82          0          0          0
      0.83          0          0          0
      0.84          0          0          0
      0.85          0          0          0
      0.86          0          0          0
      0.87          0          0          0
      0.88          0          0          0
      0.89          0          0          0
       0.9          0          0          0
      0.91          0          0          0
      0.92          0          0          0
      0.93          0          0          0
      0.94          0          0          0
      0.95          0          0          0
      0.96          0          0          0
      0.97          0          0          0
      0.98          0          0          0
      0.99          0          0          0
