         0          1   0.256164   0.407851
      0.01   0.979454   0.495443   0.658031
      0.02   0.979454   0.495443   0.658031
      0.03   0.979454   0.495443    0.65803
      0.04   0.979454   0.495443    0.65803
      0.05   0.979454   0.495623    0.65819
      0.06   0.979396   0.495762   0.658299
      0.07   0.979396   0.496344   0.658812
      0.08   0.979396   0.499552   0.661632
      0.09    0.97899   0.502527   0.664142
       0.1   0.978526   0.510209   0.670707
      0.11   0.978468   0.525703   0.683943
      0.12   0.977655   0.538115   0.694157
      0.13   0.975508   0.557273    0.70933
      0.14   0.970633    0.56899   0.717423
      0.15   0.958212   0.581649   0.723888
      0.16   0.948984    0.58688   0.725246
      0.17   0.920952   0.591839   0.720596
      0.18   0.910911   0.598043   0.722042
      0.19   0.885316   0.607212   0.720354
       0.2   0.872548   0.614658   0.721243
      0.21   0.852757   0.622788   0.719852
      0.22   0.830586   0.638063   0.721706
      0.23   0.812943   0.645336   0.719507
      0.24   0.783111   0.661691   0.717299
      0.25   0.760418   0.669776   0.712224
      0.26   0.712652   0.681294   0.696621
      0.27   0.678758   0.690909    0.68478
      0.28   0.624724   0.706149   0.662946
      0.29   0.603424   0.716852   0.655266
       0.3   0.560128   0.724651   0.631855
      0.31   0.512652    0.73139   0.602791
      0.32   0.494893   0.736173   0.591888
      0.33   0.470923   0.736712   0.574569
      0.34   0.453047   0.735717   0.560775
      0.35   0.424492   0.731486   0.537225
      0.36   0.404585   0.730223   0.520682
      0.37   0.386129   0.731268   0.505395
      0.38   0.376436   0.740134   0.499052
      0.39   0.356007   0.741823    0.48112
       0.4    0.33935   0.750188   0.467311
      0.41   0.319211    0.75022   0.447861
      0.42   0.292281   0.775419   0.424539
      0.43   0.264364   0.787149   0.395799
      0.44   0.214916   0.789735   0.337882
      0.45   0.194602   0.794231   0.312609
      0.46   0.159605   0.802381    0.26625
      0.47   0.142774   0.812155   0.242855
      0.48   0.117179   0.812925   0.204833
      0.49  0.0946024   0.806584   0.169343
       0.5  0.0781196   0.824742   0.142721
      0.51  0.0634939   0.802721    0.11768
      0.52  0.0473593   0.792793  0.0893792
      0.53  0.0324434   0.782609   0.062304
      0.54  0.0207777   0.804348   0.040509
      0.55 0.00481718   0.588235  0.0095561
      0.56  0.0034823   0.545455 0.00692042
      0.57          0          0          0
      0.58          0          0          0
      0.59          0          0          0
       0.6          0          0          0
      0.61          0          0          0
      0.62          0          0          0
      0.63          0          0          0
      0.64          0          0          0
      0.65          0          0          0
      0.66          0          0          0
      0.67          0          0          0
      0.68          0          0          0
      0.69          0          0          0
       0.7          0          0          0
      0.71          0          0          0
      0.72          0          0          0
      0.73          0          0          0
      0.74          0          0          0
      0.75          0          0          0
      0.76          0          0          0
      0.77          0          0          0
      0.78          0          0          0
      0.79          0          0          0
       0.8          0          0          0
      0.81          0          0          0
      0.82          0          0          0
      0.83          0          0          0
      0.84          0          0          0
      0.85          0          0          0
      0.86          0          0          0
      0.87          0          0          0
      0.88          0          0          0
      0.89          0          0          0
       0.9          0          0          0
      0.91          0          0          0
      0.92          0          0          0
      0.93          0          0          0
      0.94          0          0          0
      0.95          0          0          0
      0.96          0          0          0
      0.97          0          0          0
      0.98          0          0          0
      0.99          0          0          0
