         0          1   0.382258   0.553092
      0.01   0.880776   0.534651   0.665393
      0.02   0.880776   0.534651   0.665393
      0.03   0.880776   0.534651   0.665393
      0.04   0.880776   0.534685    0.66542
      0.05   0.880776   0.534685    0.66542
      0.06   0.880776   0.534753   0.665472
      0.07   0.880776   0.534753   0.665472
      0.08   0.880776   0.535001   0.665664
      0.09   0.880776   0.535185   0.665807
       0.1   0.878951   0.535771   0.665737
      0.11   0.877877   0.536502   0.665992
      0.12   0.877519   0.537525   0.666677
      0.13   0.874584   0.541669   0.668998
      0.14   0.868714   0.544294   0.669262
      0.15   0.861842    0.54825   0.670176
      0.16   0.853717   0.551382   0.670023
      0.17   0.834604   0.555047   0.666706
      0.18   0.822578   0.556681   0.663999
      0.19   0.791367   0.560476   0.656204
       0.2   0.774222   0.565404   0.653538
      0.21    0.74677    0.57118   0.647278
      0.22   0.713125   0.579219   0.639234
      0.23   0.699059   0.586696   0.637968
      0.24   0.677154   0.600848   0.636723
      0.25   0.661727   0.609628    0.63461
      0.26   0.640395   0.623407   0.631787
      0.27    0.62751    0.63061   0.629056
      0.28   0.613372   0.647429    0.62994
      0.29   0.599055   0.657266   0.626812
       0.3   0.581123   0.671914   0.623229
      0.31   0.566377   0.686807   0.620805
      0.32   0.554494   0.699231   0.618508
      0.33   0.537134    0.71553   0.613629
      0.34   0.522388   0.725612   0.607454
      0.35   0.506962   0.753064   0.605979
      0.36      0.492    0.77228   0.601072
      0.37   0.469416   0.792569   0.589618
      0.38   0.457354   0.805595   0.583463
      0.39   0.438885   0.824841   0.572925
       0.4   0.414367   0.835347   0.553951
      0.41   0.396149   0.853885    0.54121
      0.42   0.369949   0.870784   0.519283
      0.43   0.358996   0.887614   0.511227
      0.44   0.343248   0.899402    0.49687
      0.45   0.322667   0.902161   0.475328
      0.46   0.300727   0.909155   0.451957
      0.47    0.28147    0.91929   0.430982
      0.48   0.253552   0.932596   0.398705
      0.49    0.22635   0.947305   0.365393
       0.5   0.190737   0.965517   0.318546
      0.51   0.145066   0.978208   0.252663
      0.52   0.114356   0.986441   0.204953
      0.53   0.079781   0.977011   0.147516
      0.54  0.0521493   0.961165   0.098931
      0.55  0.0235871   0.928571  0.0460056
      0.56  0.0139948   0.892857  0.0275576
      0.57 0.00733741   0.823529  0.0145452
      0.58 0.00615627   0.727273  0.0122092
      0.59 0.00390136   0.833333 0.00776635
       0.6 0.00143169        0.5 0.00285521
      0.61          0          0          0
      0.62          0          0          0
      0.63          0          0          0
      0.64          0          0          0
      0.65          0          0          0
      0.66          0          0          0
      0.67          0          0          0
      0.68          0          0          0
      0.69          0          0          0
       0.7          0          0          0
      0.71          0          0          0
      0.72          0          0          0
      0.73          0          0          0
      0.74          0          0          0
      0.75          0          0          0
      0.76          0          0          0
      0.77          0          0          0
      0.78          0          0          0
      0.79          0          0          0
       0.8          0          0          0
      0.81          0          0          0
      0.82          0          0          0
      0.83          0          0          0
      0.84          0          0          0
      0.85          0          0          0
      0.86          0          0          0
      0.87          0          0          0
      0.88          0          0          0
      0.89          0          0          0
       0.9          0          0          0
      0.91          0          0          0
      0.92          0          0          0
      0.93          0          0          0
      0.94          0          0          0
      0.95          0          0          0
      0.96          0          0          0
      0.97          0          0          0
      0.98          0          0          0
      0.99          0          0          0
