         0          1   0.173626   0.295879
      0.01   0.939853   0.515296   0.665639
      0.02   0.939853   0.515873   0.666121
      0.03   0.937912   0.520621   0.669572
      0.04   0.908809   0.611708   0.731232
      0.05   0.857683   0.691578   0.765726
      0.06   0.809953    0.76565   0.787179
      0.07   0.781432   0.786477   0.783946
      0.08   0.749903   0.806483   0.777165
      0.09   0.739232   0.819806   0.777437
       0.1   0.730695   0.844051   0.783293
      0.11    0.72662   0.857542   0.786671
      0.12   0.723904   0.864205   0.787857
      0.13   0.723031   0.877647   0.792871
      0.14   0.722158    0.88568   0.795603
      0.15   0.721769   0.894869   0.799052
      0.16   0.718665   0.900837   0.799505
      0.17   0.704889   0.907631   0.793515
      0.18   0.701785   0.914777   0.794249
      0.19    0.68927   0.932997   0.792825
       0.2   0.685487   0.935508   0.791216
      0.21   0.673263   0.942278   0.785373
      0.22   0.662301   0.945705   0.779029
      0.23   0.651824   0.949124   0.772869
      0.24   0.635914   0.955986   0.763773
      0.25   0.621168   0.961468   0.754732
      0.26   0.606713   0.973633   0.747578
      0.27   0.588669   0.979592   0.735407
      0.28   0.577028   0.988082   0.728576
      0.29   0.558013   0.987557   0.713096
       0.3   0.546954   0.994005   0.705632
      0.31   0.540454   0.996159   0.700733
      0.32   0.535894   0.998656     0.6975
      0.33   0.515328          1   0.680154
      0.34   0.501843          1   0.668303
      0.35   0.460225          1   0.630348
      0.36   0.441793          1   0.612838
      0.37   0.389309          1   0.560436
      0.38   0.349631          1   0.518114
      0.39   0.262709          1   0.416103
       0.4   0.215464          1   0.354537
      0.41     0.1656          1   0.284145
      0.42  0.0991463          1   0.180406
      0.43  0.0777066          1   0.144207
      0.44  0.0456927          1  0.0873922
      0.45  0.0287156          1   0.055828
      0.46  0.0114474          1  0.0226357
      0.47          0          0          0
      0.48          0          0          0
      0.49          0          0          0
       0.5          0          0          0
      0.51          0          0          0
      0.52          0          0          0
      0.53          0          0          0
      0.54          0          0          0
      0.55          0          0          0
      0.56          0          0          0
      0.57          0          0          0
      0.58          0          0          0
      0.59          0          0          0
       0.6          0          0          0
      0.61          0          0          0
      0.62          0          0          0
      0.63          0          0          0
      0.64          0          0          0
      0.65          0          0          0
      0.66          0          0          0
      0.67          0          0          0
      0.68          0          0          0
      0.69          0          0          0
       0.7          0          0          0
      0.71          0          0          0
      0.72          0          0          0
      0.73          0          0          0
      0.74          0          0          0
      0.75          0          0          0
      0.76          0          0          0
      0.77          0          0          0
      0.78          0          0          0
      0.79          0          0          0
       0.8          0          0          0
      0.81          0          0          0
      0.82          0          0          0
      0.83          0          0          0
      0.84          0          0          0
      0.85          0          0          0
      0.86          0          0          0
      0.87          0          0          0
      0.88          0          0          0
      0.89          0          0          0
       0.9          0          0          0
      0.91          0          0          0
      0.92          0          0          0
      0.93          0          0          0
      0.94          0          0          0
      0.95          0          0          0
      0.96          0          0          0
      0.97          0          0          0
      0.98          0          0          0
      0.99          0          0          0
