         0          1   0.331079    0.49746
      0.01   0.932482   0.296317   0.449724
      0.02   0.932482   0.296317   0.449724
      0.03   0.932482   0.296317   0.449724
      0.04   0.932482   0.296329   0.449738
      0.05   0.932482   0.296341   0.449752
      0.06   0.932482    0.29628   0.449681
      0.07   0.932482   0.296304   0.449709
      0.08   0.932399   0.296298   0.449692
      0.09   0.932399   0.296235    0.44962
       0.1   0.932357   0.296342   0.449739
      0.11   0.932233   0.296725   0.450165
      0.12   0.931777   0.296897    0.45031
      0.13   0.931321   0.296771   0.450112
      0.14   0.930823   0.296614   0.449872
      0.15   0.928542   0.296643   0.449638
      0.16   0.926593   0.296871   0.449672
      0.17   0.922362   0.297016   0.449337
      0.18   0.917842   0.297186   0.448993
      0.19   0.909506   0.297498   0.448344
       0.2   0.899718   0.298159    0.44789
      0.21   0.884995   0.299928    0.44802
      0.22   0.864134   0.301146   0.446641
      0.23   0.845181   0.301456   0.444403
      0.24   0.822205   0.306428   0.446463
      0.25   0.806238   0.309537   0.447331
      0.26   0.781271   0.316033   0.450026
      0.27    0.76294    0.31966   0.450547
      0.28   0.743447   0.328683   0.455837
      0.29   0.717402   0.332385    0.45429
       0.3   0.685965   0.342606   0.456976
      0.31   0.654695   0.352364   0.458147
      0.32   0.631677   0.355509   0.454963
      0.33   0.600365    0.36176   0.451476
      0.34   0.579628    0.36622   0.448849
      0.35   0.538155   0.368451    0.43742
      0.36    0.50759   0.370988   0.428669
      0.37   0.469185    0.37979   0.419781
      0.38   0.444716   0.382481   0.411257
      0.39   0.399386   0.393678   0.396512
       0.4   0.374834   0.392136    0.38329
      0.41    0.33249    0.39948    0.36292
      0.42   0.295081   0.406057   0.341787
      0.43   0.273432   0.398246   0.324242
      0.44   0.243903   0.397952   0.302441
      0.45   0.217527   0.394068   0.280317
      0.46   0.196085   0.391304   0.261254
      0.47   0.161787   0.386199   0.228042
      0.48    0.12923   0.369181   0.191446
      0.49   0.112931   0.365714   0.172573
       0.5   0.086347   0.354756   0.138889
      0.51  0.0618779   0.310219   0.103176
      0.52  0.0480674   0.280374  0.0820654
      0.53   0.033137   0.248227  0.0584688
      0.54  0.0228517   0.237113  0.0416859
      0.55  0.0116954   0.244898  0.0223247
      0.56  0.0098706   0.242424  0.0189689
      0.57 0.00414731   0.142857 0.00806062
      0.58          0          0          0
      0.59          0          0          0
       0.6          0          0          0
      0.61          0          0          0
      0.62          0          0          0
      0.63          0          0          0
      0.64          0          0          0
      0.65          0          0          0
      0.66          0          0          0
      0.67          0          0          0
      0.68          0          0          0
      0.69          0          0          0
       0.7          0          0          0
      0.71          0          0          0
      0.72          0          0          0
      0.73          0          0          0
      0.74          0          0          0
      0.75          0          0          0
      0.76          0          0          0
      0.77          0          0          0
      0.78          0          0          0
      0.79          0          0          0
       0.8          0          0          0
      0.81          0          0          0
      0.82          0          0          0
      0.83          0          0          0
      0.84          0          0          0
      0.85          0          0          0
      0.86          0          0          0
      0.87          0          0          0
      0.88          0          0          0
      0.89          0          0          0
       0.9          0          0          0
      0.91          0          0          0
      0.92          0          0          0
      0.93          0          0          0
      0.94          0          0          0
      0.95          0          0          0
      0.96          0          0          0
      0.97          0          0          0
      0.98          0          0          0
      0.99          0          0          0
