         0          1   0.339259   0.506637
      0.01   0.979436   0.801453   0.881551
      0.02   0.979436   0.801389   0.881512
      0.03   0.979436   0.801343   0.881484
      0.04   0.978817   0.802404   0.881875
      0.05   0.978817   0.803917   0.882787
      0.06   0.978315   0.814449   0.888893
      0.07   0.978276    0.82721   0.896423
      0.08   0.976498   0.847486   0.907429
      0.09   0.973367   0.856749   0.911343
       0.1   0.962775   0.869024     0.9135
      0.11   0.945806   0.883351   0.913512
      0.12    0.93162   0.888765   0.909688
      0.13   0.909393   0.893017   0.901131
      0.14   0.888983   0.895334   0.892147
      0.15   0.849942   0.899307   0.873928
      0.16   0.829532   0.903402   0.864893
      0.17   0.797101   0.911726   0.850569
      0.18   0.777503   0.916835    0.84144
      0.19   0.744105   0.920252   0.822857
       0.2   0.725164   0.924103   0.812635
      0.21    0.69455   0.928007   0.794483
      0.22   0.659722   0.930342   0.772003
      0.23   0.635756   0.930087   0.755259
      0.24   0.552223   0.932325   0.693613
      0.25   0.487321   0.929612   0.639437
      0.26   0.418129   0.928907   0.576678
      0.27   0.381871   0.929002   0.541256
      0.28   0.328991   0.933389   0.486504
      0.29   0.288713   0.934678   0.441157
       0.3   0.244337   0.937647   0.387657
      0.31   0.200387   0.938438   0.330253
      0.32   0.165752   0.940068   0.281814
      0.33   0.132199   0.941532   0.231846
      0.34   0.112833   0.947005   0.201642
      0.35  0.0856591   0.946328   0.157098
      0.36  0.0815617   0.940994   0.150112
      0.37  0.0657518   0.937984   0.122889
      0.38  0.0618864   0.932773   0.116072
      0.39  0.0538462   0.941748   0.101868
       0.4  0.0479706   0.935829  0.0912631
      0.41   0.036838   0.942675  0.0709052
      0.42  0.0351372   0.930769   0.067718
      0.43  0.0300348   0.933333  0.0581968
      0.44  0.0266718       0.93  0.0518564
      0.45  0.0262853   0.924731  0.0511175
      0.46  0.0226517   0.911765  0.0442052
      0.47  0.0168922   0.894737  0.0331583
      0.48  0.0151527   0.882353  0.0297937
      0.49  0.0149208   0.877551  0.0293426
       0.5   0.013104   0.846154  0.0258083
      0.51 0.00800155   0.857143  0.0158551
      0.52 0.00780827   0.833333  0.0154716
      0.53  0.0064167   0.833333  0.0127353
      0.54  0.0052184       0.75  0.0103647
      0.55 0.00201005        0.5   0.004004
      0.56 0.00201005          1 0.00401204
      0.57          0          0          0
      0.58          0          0          0
      0.59          0          0          0
       0.6          0          0          0
      0.61          0          0          0
      0.62          0          0          0
      0.63          0          0          0
      0.64          0          0          0
      0.65          0          0          0
      0.66          0          0          0
      0.67          0          0          0
      0.68          0          0          0
      0.69          0          0          0
       0.7          0          0          0
      0.71          0          0          0
      0.72          0          0          0
      0.73          0          0          0
      0.74          0          0          0
      0.75          0          0          0
      0.76          0          0          0
      0.77          0          0          0
      0.78          0          0          0
      0.79          0          0          0
       0.8          0          0          0
      0.81          0          0          0
      0.82          0          0          0
      0.83          0          0          0
      0.84          0          0          0
      0.85          0          0          0
      0.86          0          0          0
      0.87          0          0          0
      0.88          0          0          0
      0.89          0          0          0
       0.9          0          0          0
      0.91          0          0          0
      0.92          0          0          0
      0.93          0          0          0
      0.94          0          0          0
      0.95          0          0          0
      0.96          0          0          0
      0.97          0          0          0
      0.98          0          0          0
      0.99          0          0          0
