         0          1   0.393948   0.565226
      0.01   0.966681   0.429522   0.594771
      0.02   0.966681   0.429522   0.594771
      0.03   0.966681   0.429538   0.594787
      0.04   0.966681   0.429597   0.594843
      0.05   0.966681   0.429678   0.594921
      0.06    0.96661   0.430034   0.595249
      0.07   0.965973   0.430812   0.595872
      0.08   0.964594   0.433469   0.598144
      0.09   0.962366   0.435709   0.599841
       0.1   0.956176   0.441263   0.603855
      0.11   0.942912   0.454181   0.613062
      0.12   0.925828   0.462748   0.617071
      0.13   0.894383    0.47879   0.623696
      0.14   0.863823   0.488463   0.624048
      0.15    0.80532   0.504988   0.620735
      0.16    0.76765   0.519369   0.619562
      0.17   0.699561   0.541917   0.610731
      0.18   0.653226   0.562135   0.604267
      0.19   0.586587   0.583059   0.584818
       0.2   0.537104   0.590093   0.562353
      0.21    0.45943   0.614571   0.525795
      0.22   0.388724   0.637612    0.48299
      0.23   0.340938   0.664925   0.450754
      0.24   0.285371   0.716727   0.408209
      0.25   0.250318   0.742475   0.374408
      0.26   0.212578     0.7856   0.334612
      0.27   0.193478   0.826511   0.313555
      0.28   0.162599   0.856764   0.273326
      0.29   0.142968   0.886364   0.246222
       0.3   0.117926   0.912281   0.208854
      0.31  0.0961729   0.905882   0.173885
      0.32  0.0743492   0.878049    0.13709
      0.33  0.0546477   0.878049   0.102892
      0.34  0.0454513   0.867647  0.0863778
      0.35  0.0288978   0.902439  0.0560024
      0.36  0.0216822   0.896552  0.0423405
      0.37  0.0148557          1  0.0292765
      0.38  0.0108234          1  0.0214151
      0.39 0.00718025          1  0.0142581
       0.4 0.00512875          1  0.0102052
      0.41 0.00382003          1 0.00761099
      0.42 0.00258206          1 0.00515082
      0.43 0.00222835          1  0.0044468
      0.44          0          0          0
      0.45          0          0          0
      0.46          0          0          0
      0.47          0          0          0
      0.48          0          0          0
      0.49          0          0          0
       0.5          0          0          0
      0.51          0          0          0
      0.52          0          0          0
      0.53          0          0          0
      0.54          0          0          0
      0.55          0          0          0
      0.56          0          0          0
      0.57          0          0          0
      0.58          0          0          0
      0.59          0          0          0
       0.6          0          0          0
      0.61          0          0          0
      0.62          0          0          0
      0.63          0          0          0
      0.64          0          0          0
      0.65          0          0          0
      0.66          0          0          0
      0.67          0          0          0
      0.68          0          0          0
      0.69          0          0          0
       0.7          0          0          0
      0.71          0          0          0
      0.72          0          0          0
      0.73          0          0          0
      0.74          0          0          0
      0.75          0          0          0
      0.76          0          0          0
      0.77          0          0          0
      0.78          0          0          0
      0.79          0          0          0
       0.8          0          0          0
      0.81          0          0          0
      0.82          0          0          0
      0.83          0          0          0
      0.84          0          0          0
      0.85          0          0          0
      0.86          0          0          0
      0.87          0          0          0
      0.88          0          0          0
      0.89          0          0          0
       0.9          0          0          0
      0.91          0          0          0
      0.92          0          0          0
      0.93          0          0          0
      0.94          0          0          0
      0.95          0          0          0
      0.96          0          0          0
      0.97          0          0          0
      0.98          0          0          0
      0.99          0          0          0
