         0          1   0.310743   0.474148
      0.01   0.952954   0.376318   0.539564
      0.02   0.952954   0.376337   0.539583
      0.03   0.952954   0.376355   0.539603
      0.04   0.952954   0.376418   0.539667
      0.05   0.952954   0.376644   0.539899
      0.06   0.952954   0.376784   0.540043
      0.07   0.952954   0.377707   0.540991
      0.08   0.952954   0.380773   0.544128
      0.09   0.952593   0.384687   0.548053
       0.1   0.952112   0.394966   0.558322
      0.11   0.950708   0.410686   0.573593
      0.12   0.948342   0.427069   0.588925
      0.13   0.945855   0.460572    0.61949
      0.14    0.94401   0.489658   0.644839
      0.15   0.938796   0.534377   0.681075
      0.16   0.933261   0.563653   0.702826
      0.17   0.920948   0.605835   0.730874
      0.18   0.915975   0.633602   0.749061
      0.19   0.903902   0.673617   0.771951
       0.2    0.89195   0.699609   0.784158
      0.21   0.874103   0.731616   0.796537
      0.22   0.847993   0.760603   0.801924
      0.23   0.824129   0.781176   0.802078
      0.24   0.784222   0.809549   0.796684
      0.25   0.759034   0.823035    0.78974
      0.26   0.718686   0.844765   0.776642
      0.27   0.690851   0.853409   0.763574
      0.28   0.652268   0.862894   0.742941
      0.29   0.634701   0.869771   0.733872
       0.3   0.599086   0.880662   0.713084
      0.31   0.550636   0.883708     0.6785
      0.32   0.527774    0.88445   0.661071
      0.33   0.490635   0.880372   0.630108
      0.34   0.453255   0.881047   0.598573
      0.35   0.414671   0.879121   0.563531
      0.36    0.37328   0.879676   0.524146
      0.37   0.328681   0.867681   0.476762
      0.38   0.306822   0.869565   0.453595
      0.39   0.262744   0.865443   0.403107
       0.4    0.22388   0.855442   0.354883
      0.41   0.187021   0.838207    0.30581
      0.42   0.161112   0.814059   0.268988
      0.43    0.14912   0.801489   0.251455
      0.44   0.135363   0.781341    0.23075
      0.45   0.120523   0.773026   0.208533
      0.46  0.0968596   0.745968   0.171457
      0.47  0.0881563   0.726457   0.157232
      0.48  0.0780893    0.71875   0.140873
      0.49  0.0630089   0.685535    0.11541
       0.5  0.0532226       0.68  0.0987187
      0.51  0.0392251   0.670455  0.0741142
      0.52  0.0297598   0.758065  0.0572712
      0.53  0.0234629   0.777778  0.0455516
      0.54  0.0166045   0.794118  0.0325288
      0.55   0.011952          1  0.0236217
      0.56  0.0109493          1  0.0216615
      0.57  0.0042915          1 0.00854633
      0.58          0          0          0
      0.59          0          0          0
       0.6          0          0          0
      0.61          0          0          0
      0.62          0          0          0
      0.63          0          0          0
      0.64          0          0          0
      0.65          0          0          0
      0.66          0          0          0
      0.67          0          0          0
      0.68          0          0          0
      0.69          0          0          0
       0.7          0          0          0
      0.71          0          0          0
      0.72          0          0          0
      0.73          0          0          0
      0.74          0          0          0
      0.75          0          0          0
      0.76          0          0          0
      0.77          0          0          0
      0.78          0          0          0
      0.79          0          0          0
       0.8          0          0          0
      0.81          0          0          0
      0.82          0          0          0
      0.83          0          0          0
      0.84          0          0          0
      0.85          0          0          0
      0.86          0          0          0
      0.87          0          0          0
      0.88          0          0          0
      0.89          0          0          0
       0.9          0          0          0
      0.91          0          0          0
      0.92          0          0          0
      0.93          0          0          0
      0.94          0          0          0
      0.95          0          0          0
      0.96          0          0          0
      0.97          0          0          0
      0.98          0          0          0
      0.99          0          0          0
