         0          1   0.172013   0.293534
      0.01   0.969378   0.245751   0.392099
      0.02   0.969378   0.245823   0.392191
      0.03   0.969378   0.245867   0.392247
      0.04   0.969378   0.246245   0.392728
      0.05   0.968947   0.246929   0.393562
      0.06   0.968445   0.249624   0.396935
      0.07   0.967585   0.253616   0.401892
      0.08   0.964859   0.266367    0.41748
      0.09   0.953815   0.278991   0.431708
       0.1   0.941265   0.309411   0.465728
      0.11   0.921328     0.3441   0.501062
      0.12   0.895152    0.36924   0.522822
      0.13   0.862306   0.407171    0.55315
      0.14   0.841581   0.434291   0.572927
      0.15   0.813468   0.465321   0.592004
      0.16   0.794607   0.481737   0.599825
      0.17   0.754159   0.511313   0.609435
      0.18   0.732501   0.526758   0.612822
      0.19   0.692556   0.549767   0.612956
       0.2   0.668101   0.561492   0.610175
      0.21   0.634897   0.576295   0.604178
      0.22   0.595166   0.575962   0.585407
      0.23   0.562751   0.576972   0.569773
      0.24   0.508391   0.573071   0.538797
      0.25   0.476692   0.570312   0.519317
      0.26   0.416882   0.564162   0.479467
      0.27   0.397447   0.559333   0.464694
      0.28   0.354274   0.557331   0.433188
      0.29   0.339716   0.545455   0.418676
       0.3   0.316982   0.525353   0.395395
      0.31   0.287364   0.505023   0.366299
      0.32   0.268933   0.490366   0.347361
      0.33   0.248279   0.462025   0.322992
      0.34   0.232788   0.449835   0.306806
      0.35    0.21278   0.431604   0.285037
      0.36    0.19105    0.40932   0.260508
      0.37   0.181583   0.383356   0.246437
      0.38   0.170683   0.358079   0.231174
      0.39   0.146443   0.311502   0.199226
       0.4   0.129231   0.286927   0.178201
      0.41  0.0936604   0.232692   0.133561
      0.42  0.0839071   0.203863   0.118883
      0.43  0.0678428   0.167064  0.0964987
      0.44  0.0358577   0.105405  0.0535114
      0.45  0.0319851  0.0900901  0.0472093
      0.46  0.0205106  0.0666667    0.03137
      0.47  0.0168531  0.0632184  0.0266119
      0.48 0.00530694  0.0588235 0.00973556
      0.49 0.00329891  0.0869565 0.00635666
       0.5          0          0          0
      0.51          0          0          0
      0.52          0          0          0
      0.53          0          0          0
      0.54          0          0          0
      0.55          0          0          0
      0.56          0          0          0
      0.57          0          0          0
      0.58          0          0          0
      0.59          0          0          0
       0.6          0          0          0
      0.61          0          0          0
      0.62          0          0          0
      0.63          0          0          0
      0.64          0          0          0
      0.65          0          0          0
      0.66          0          0          0
      0.67          0          0          0
      0.68          0          0          0
      0.69          0          0          0
       0.7          0          0          0
      0.71          0          0          0
      0.72          0          0          0
      0.73          0          0          0
      0.74          0          0          0
      0.75          0          0          0
      0.76          0          0          0
      0.77          0          0          0
      0.78          0          0          0
      0.79          0          0          0
       0.8          0          0          0
      0.81          0          0          0
      0.82          0          0          0
      0.83          0          0          0
      0.84          0          0          0
      0.85          0          0          0
      0.86          0          0          0
      0.87          0          0          0
      0.88          0          0          0
      0.89          0          0          0
       0.9          0          0          0
      0.91          0          0          0
      0.92          0          0          0
      0.93          0          0          0
      0.94          0          0          0
      0.95          0          0          0
      0.96          0          0          0
      0.97          0          0          0
      0.98          0          0          0
      0.99          0          0          0
