         0          1   0.171113   0.292223
      0.01   0.967327    0.15329   0.264642
      0.02   0.967327     0.1533   0.264658
      0.03   0.967327   0.153357   0.264743
      0.04   0.967327   0.153375   0.264769
      0.05   0.967327   0.153424   0.264843
      0.06   0.967232   0.153667   0.265201
      0.07   0.967232   0.153814    0.26542
      0.08   0.967232   0.155045   0.267251
      0.09   0.966946   0.155899   0.268507
       0.1   0.965898   0.157985   0.271554
      0.11    0.96485   0.162144   0.277632
      0.12   0.963707   0.165258   0.282135
      0.13   0.960183   0.171538   0.291075
      0.14   0.956754   0.176517   0.298045
      0.15   0.941989   0.185777   0.310348
      0.16   0.928177   0.194752   0.321952
      0.17   0.900648   0.206562   0.336051
      0.18    0.86788   0.217603   0.347962
      0.19   0.824062   0.236946   0.368061
       0.2   0.779768   0.248748   0.377176
      0.21   0.729853   0.273894   0.398312
      0.22   0.680511   0.299174   0.415626
      0.23   0.637931   0.316458   0.423053
      0.24   0.579729   0.345937   0.433309
      0.25   0.549057   0.369478   0.441713
      0.26   0.507716   0.403226   0.449478
      0.27   0.473995   0.416925   0.443632
      0.28   0.420556    0.44363   0.431785
      0.29   0.391694   0.473132   0.428579
       0.3   0.341208   0.503284   0.406693
      0.31   0.311583   0.548589   0.397435
      0.32   0.288341   0.557457   0.380085
      0.33   0.257954   0.601236   0.361017
      0.34   0.241284   0.636861   0.349975
      0.35   0.208325   0.686499    0.31965
      0.36   0.186893   0.735695   0.298066
      0.37   0.164508   0.802048   0.273017
      0.38   0.142218   0.842912   0.243373
      0.39   0.127739   0.897778   0.223655
       0.4   0.118594   0.918269   0.210059
      0.41  0.0999238   0.940541   0.180655
      0.42  0.0943037    0.97076   0.171908
      0.43  0.0909697   0.975309   0.166417
      0.44  0.0897314   0.986486     0.1645
      0.45  0.0889693   0.992593   0.163301
      0.46  0.0744904          1   0.138652
      0.47  0.0733473          1    0.13667
      0.48  0.0637264          1   0.119817
      0.49  0.0557249          1   0.105567
       0.5   0.053534          1   0.101627
      0.51  0.0459135          1   0.087796
      0.52   0.045342          1  0.0867505
      0.53  0.0392456          1   0.075527
      0.54  0.0323871          1  0.0627422
      0.55  0.0214327          1  0.0419659
      0.56  0.0157173          1  0.0309481
      0.57  0.0113355          1  0.0224169
      0.58 0.00876357          1  0.0173749
      0.59 0.00485807          1 0.00966916
       0.6          0          0          0
      0.61          0          0          0
      0.62          0          0          0
      0.63          0          0          0
      0.64          0          0          0
      0.65          0          0          0
      0.66          0          0          0
      0.67          0          0          0
      0.68          0          0          0
      0.69          0          0          0
       0.7          0          0          0
      0.71          0          0          0
      0.72          0          0          0
      0.73          0          0          0
      0.74          0          0          0
      0.75          0          0          0
      0.76          0          0          0
      0.77          0          0          0
      0.78          0          0          0
      0.79          0          0          0
       0.8          0          0          0
      0.81          0          0          0
      0.82          0          0          0
      0.83          0          0          0
      0.84          0          0          0
      0.85          0          0          0
      0.86          0          0          0
      0.87          0          0          0
      0.88          0          0          0
      0.89          0          0          0
       0.9          0          0          0
      0.91          0          0          0
      0.92          0          0          0
      0.93          0          0          0
      0.94          0          0          0
      0.95          0          0          0
      0.96          0          0          0
      0.97          0          0          0
      0.98          0          0          0
      0.99          0          0          0
