         0          1   0.391539   0.562742
      0.01   0.868867   0.479759    0.61818
      0.02   0.868867   0.479759    0.61818
      0.03   0.868867    0.47995   0.618339
      0.04   0.868832   0.480184   0.618524
      0.05   0.868797   0.480493   0.618771
      0.06   0.868447   0.481028   0.619126
      0.07   0.868237   0.481878   0.619776
      0.08   0.866204   0.482747   0.619974
      0.09   0.863401   0.485135   0.621216
       0.1   0.855691   0.492514   0.625187
      0.11   0.837609   0.503859   0.629217
      0.12   0.809294   0.511136   0.626552
      0.13   0.758095   0.521767   0.618112
      0.14    0.72158    0.53053    0.61148
      0.15   0.661726   0.540937   0.595266
      0.16   0.626787   0.546978   0.584169
      0.17   0.579198   0.561742   0.570336
      0.18   0.555299   0.573379   0.564194
      0.19   0.516716    0.60635   0.557956
       0.2     0.4877   0.625029    0.54789
      0.21   0.450694   0.659368   0.535417
      0.22   0.418454   0.699368   0.523613
      0.23   0.400722   0.727101   0.516686
      0.24   0.373038    0.77484   0.503616
      0.25   0.358775   0.802057   0.495779
      0.26    0.32685   0.851782   0.472421
      0.27   0.305264   0.875442   0.452679
      0.28   0.280207   0.900418   0.427407
      0.29    0.25771   0.908749   0.401546
       0.3   0.232058   0.931567   0.371559
      0.31   0.217129   0.951066   0.353544
      0.32   0.206511   0.961801   0.340016
      0.33   0.194141   0.969325   0.323491
      0.34   0.180789   0.967797   0.304665
      0.35   0.166947   0.969524   0.284845
      0.36   0.160149   0.970894   0.274945
      0.37   0.139999    0.98063   0.245018
      0.38   0.128154   0.991826    0.22698
      0.39    0.10881   0.993355   0.196136
       0.4  0.0929352   0.996226   0.170011
      0.41  0.0804247   0.995434   0.148825
      0.42  0.0642347          1   0.120715
      0.43  0.0628329          1   0.118237
      0.44  0.0461522          1  0.0882323
      0.45  0.0419821          1  0.0805812
      0.46  0.0329408          1  0.0637807
      0.47  0.0298921          1  0.0580489
      0.48    0.02418          1  0.0472182
      0.49  0.0170662          1  0.0335596
       0.5 0.00914634          1  0.0181269
      0.51 0.00686852          1  0.0136433
      0.52 0.00445052          1  0.0088616
      0.53 0.00189235          1 0.00377754
      0.54 0.000315391          1 0.000630583
      0.55          0          0          0
      0.56          0          0          0
      0.57          0          0          0
      0.58          0          0          0
      0.59          0          0          0
       0.6          0          0          0
      0.61          0          0          0
      0.62          0          0          0
      0.63          0          0          0
      0.64          0          0          0
      0.65          0          0          0
      0.66          0          0          0
      0.67          0          0          0
      0.68          0          0          0
      0.69          0          0          0
       0.7          0          0          0
      0.71          0          0          0
      0.72          0          0          0
      0.73          0          0          0
      0.74          0          0          0
      0.75          0          0          0
      0.76          0          0          0
      0.77          0          0          0
      0.78          0          0          0
      0.79          0          0          0
       0.8          0          0          0
      0.81          0          0          0
      0.82          0          0          0
      0.83          0          0          0
      0.84          0          0          0
      0.85          0          0          0
      0.86          0          0          0
      0.87          0          0          0
      0.88          0          0          0
      0.89          0          0          0
       0.9          0          0          0
      0.91          0          0          0
      0.92          0          0          0
      0.93          0          0          0
      0.94          0          0          0
      0.95          0          0          0
      0.96          0          0          0
      0.97          0          0          0
      0.98          0          0          0
      0.99          0          0          0
