         0          1   0.216663    0.35616
      0.01   0.996694   0.723873   0.838654
      0.02   0.996694   0.723873   0.838654
      0.03   0.996694   0.723978   0.838724
      0.04   0.996694   0.723938   0.838697
      0.05   0.996694   0.724318   0.838952
      0.06   0.996694   0.726027   0.840098
      0.07   0.996694   0.728032   0.841438
      0.08   0.996196   0.734724   0.845711
      0.09   0.995743   0.744253   0.851824
       0.1   0.994565   0.756159   0.859129
      0.11   0.992844   0.772067   0.868647
      0.12   0.989176   0.787517   0.876902
      0.13   0.984556   0.815005   0.891793
      0.14   0.984013   0.836123    0.90406
      0.15    0.98288   0.861823    0.91838
      0.16   0.981476   0.882459   0.929338
      0.17   0.980842   0.907466   0.942728
      0.18   0.980208   0.921556   0.949978
      0.19   0.978578   0.938416   0.958076
       0.2   0.977038   0.949306   0.962972
      0.21    0.97038   0.965434   0.967901
      0.22   0.963587   0.973203   0.968371
      0.23   0.960371   0.979655   0.969917
      0.24   0.954937   0.984796   0.969636
      0.25   0.949139   0.988761   0.968545
      0.26   0.944475   0.991501   0.967417
      0.27   0.939629   0.993314   0.965726
      0.28   0.924366   0.996041   0.958866
      0.29    0.90462   0.996216   0.948211
       0.3   0.878578   0.997352   0.934205
      0.31   0.860462   0.997572   0.923958
      0.32   0.847917   0.998923   0.917246
      0.33   0.817029   0.999242   0.898995
      0.34   0.794293          1   0.885355
      0.35   0.771377          1   0.870935
      0.36   0.758605          1   0.862735
      0.37   0.728895          1   0.843192
      0.38   0.706793          1   0.828212
      0.39    0.67337          1   0.804807
       0.4   0.652219          1   0.789507
      0.41   0.614583          1    0.76129
      0.42   0.574094          1   0.729428
      0.43   0.552264          1    0.71156
      0.44   0.511096          1   0.676457
      0.45   0.486775          1   0.654807
      0.46   0.445109          1   0.616021
      0.47   0.410145          1   0.581706
      0.48   0.342437          1   0.510172
      0.49   0.299909          1   0.461431
       0.5   0.234873          1     0.3804
      0.51   0.145924          1   0.254683
      0.52   0.113904          1   0.204513
      0.53  0.0686141          1   0.128417
      0.54  0.0309783          1  0.0600949
      0.55  0.0143569          1  0.0283074
      0.56 0.00230978          1 0.00460892
      0.57          0          0          0
      0.58          0          0          0
      0.59          0          0          0
       0.6          0          0          0
      0.61          0          0          0
      0.62          0          0          0
      0.63          0          0          0
      0.64          0          0          0
      0.65          0          0          0
      0.66          0          0          0
      0.67          0          0          0
      0.68          0          0          0
      0.69          0          0          0
       0.7          0          0          0
      0.71          0          0          0
      0.72          0          0          0
      0.73          0          0          0
      0.74          0          0          0
      0.75          0          0          0
      0.76          0          0          0
      0.77          0          0          0
      0.78          0          0          0
      0.79          0          0          0
       0.8          0          0          0
      0.81          0          0          0
      0.82          0          0          0
      0.83          0          0          0
      0.84          0          0          0
      0.85          0          0          0
      0.86          0          0          0
      0.87          0          0          0
      0.88          0          0          0
      0.89          0          0          0
       0.9          0          0          0
      0.91          0          0          0
      0.92          0          0          0
      0.93          0          0          0
      0.94          0          0          0
      0.95          0          0          0
      0.96          0          0          0
      0.97          0          0          0
      0.98          0          0          0
      0.99          0          0          0
