         0          1   0.205491   0.340925
      0.01   0.973002   0.298874   0.457285
      0.02   0.973002   0.298854   0.457262
      0.03   0.973002   0.298789   0.457186
      0.04   0.973002   0.299289   0.457771
      0.05   0.972002   0.300399   0.458956
      0.06   0.967919   0.308641   0.468038
      0.07   0.961337    0.31741   0.477245
      0.08   0.922923    0.32907   0.485156
      0.09   0.883926   0.336316   0.487246
       0.1   0.827681   0.349516   0.491486
      0.11   0.769853   0.361768   0.492229
      0.12   0.726189   0.375412   0.494953
      0.13   0.667778   0.404128   0.503529
      0.14    0.63878   0.429693   0.513779
      0.15     0.6002   0.464999   0.524019
      0.16   0.584618   0.496348   0.536879
      0.17   0.547788   0.545296   0.546539
      0.18   0.519457   0.571547   0.544259
      0.19   0.499458   0.618365   0.552588
       0.2    0.48196   0.651075   0.553896
      0.21   0.448129   0.701342   0.546846
      0.22   0.405716   0.740618   0.524246
      0.23   0.377052    0.77027   0.506278
      0.24   0.328806   0.790657    0.46446
      0.25    0.28081   0.797468    0.41536
      0.26   0.217815   0.776536   0.340204
      0.27   0.196984   0.779605   0.314502
      0.28   0.155154   0.802632    0.26004
      0.29   0.137739   0.811518   0.235505
       0.3   0.106574   0.833333    0.18898
      0.31  0.0774935   0.820513   0.141612
      0.32  0.0622448   0.843137   0.115931
      0.33  0.0492459   0.865169  0.0931875
      0.34  0.0461628   0.932432  0.0879704
      0.35  0.0404966   0.968254  0.0777417
      0.36  0.0325806   0.983051  0.0630709
      0.37   0.031664   0.981132  0.0613482
      0.38  0.0307474       0.98  0.0596242
      0.39  0.0303308   0.979167   0.058839
       0.4  0.0303308   0.978723  0.0588382
      0.41  0.0274977          1  0.0535236
      0.42  0.0258312          1  0.0503615
      0.43  0.0207483          1  0.0406531
      0.44  0.0199983          1  0.0392125
      0.45  0.0184985          1   0.036325
      0.46  0.0129989          1  0.0256642
      0.47  0.0123323          1  0.0243641
      0.48 0.00516624          1  0.0102794
      0.49 0.00516624          1  0.0102794
       0.5 0.00516624          1  0.0102794
      0.51 0.00374969          1 0.00747136
      0.52 0.00374969          1 0.00747136
      0.53          0          0          0
      0.54          0          0          0
      0.55          0          0          0
      0.56          0          0          0
      0.57          0          0          0
      0.58          0          0          0
      0.59          0          0          0
       0.6          0          0          0
      0.61          0          0          0
      0.62          0          0          0
      0.63          0          0          0
      0.64          0          0          0
      0.65          0          0          0
      0.66          0          0          0
      0.67          0          0          0
      0.68          0          0          0
      0.69          0          0          0
       0.7          0          0          0
      0.71          0          0          0
      0.72          0          0          0
      0.73          0          0          0
      0.74          0          0          0
      0.75          0          0          0
      0.76          0          0          0
      0.77          0          0          0
      0.78          0          0          0
      0.79          0          0          0
       0.8          0          0          0
      0.81          0          0          0
      0.82          0          0          0
      0.83          0          0          0
      0.84          0          0          0
      0.85          0          0          0
      0.86          0          0          0
      0.87          0          0          0
      0.88          0          0          0
      0.89          0          0          0
       0.9          0          0          0
      0.91          0          0          0
      0.92          0          0          0
      0.93          0          0          0
      0.94          0          0          0
      0.95          0          0          0
      0.96          0          0          0
      0.97          0          0          0
      0.98          0          0          0
      0.99          0          0          0
