         0          1   0.214804   0.353644
      0.01   0.934239   0.518123    0.66657
      0.02   0.934239   0.518417   0.666814
      0.03   0.934164   0.519498   0.667688
      0.04   0.932224   0.526427   0.672879
      0.05   0.927745   0.542062   0.684301
      0.06   0.903038    0.58673   0.711305
      0.07   0.886542   0.622935   0.731721
      0.08   0.875196   0.673515   0.761223
      0.09   0.856386   0.699797   0.770213
       0.1   0.825633   0.739292   0.780081
      0.11   0.800179   0.764211   0.781781
      0.12   0.771292   0.775975   0.773626
      0.13    0.71837   0.787752   0.751463
      0.14   0.677913   0.792912   0.730917
      0.15   0.633127   0.801659   0.707495
      0.16   0.597223   0.803166   0.685052
      0.17   0.549227   0.808199    0.65401
      0.18   0.518026   0.806999   0.631002
      0.19   0.466522    0.81384   0.593073
       0.2   0.426961   0.816422   0.560697
      0.21    0.39688    0.82842   0.536658
      0.22   0.361051   0.836596   0.504412
      0.23   0.346272   0.841298   0.490611
      0.24     0.3088   0.849429    0.45294
      0.25   0.284093   0.852679    0.42619
      0.26   0.254908   0.856079   0.392842
      0.27    0.24401   0.864829   0.380627
      0.28   0.236396   0.865022   0.371317
      0.29   0.227812   0.859594   0.360171
       0.3     0.2252   0.871528   0.357915
      0.31   0.211838    0.87451    0.34106
      0.32   0.205942   0.877944   0.333624
      0.33   0.185191   0.891688   0.306687
      0.34   0.177055   0.889205   0.295309
      0.35   0.160334   0.884106   0.271442
      0.36   0.156677   0.882353   0.266103
      0.37   0.137792   0.890351    0.23865
      0.38   0.123087    0.88601   0.216147
      0.39   0.105173    0.86875   0.187631
       0.4  0.0901694   0.871212   0.163425
      0.41  0.0704635   0.868687   0.130353
      0.42  0.0593416   0.883117    0.11121
      0.43  0.0515041   0.873016  0.0972697
      0.44  0.0415018   0.854167  0.0791576
      0.45  0.0354557   0.846154  0.0680596
      0.46  0.0289617   0.878788  0.0560754
      0.47  0.0273942   0.888889  0.0531504
      0.48  0.0164962   0.933333  0.0324195
      0.49  0.0151526          1  0.0298529
       0.5 0.00970366          1  0.0192208
      0.51 0.00671792          1  0.0133462
      0.52 0.00671792          1  0.0133462
      0.53          0          0          0
      0.54          0          0          0
      0.55          0          0          0
      0.56          0          0          0
      0.57          0          0          0
      0.58          0          0          0
      0.59          0          0          0
       0.6          0          0          0
      0.61          0          0          0
      0.62          0          0          0
      0.63          0          0          0
      0.64          0          0          0
      0.65          0          0          0
      0.66          0          0          0
      0.67          0          0          0
      0.68          0          0          0
      0.69          0          0          0
       0.7          0          0          0
      0.71          0          0          0
      0.72          0          0          0
      0.73          0          0          0
      0.74          0          0          0
      0.75          0          0          0
      0.76          0          0          0
      0.77          0          0          0
      0.78          0          0          0
      0.79          0          0          0
       0.8          0          0          0
      0.81          0          0          0
      0.82          0          0          0
      0.83          0          0          0
      0.84          0          0          0
      0.85          0          0          0
      0.86          0          0          0
      0.87          0          0          0
      0.88          0          0          0
      0.89          0          0          0
       0.9          0          0          0
      0.91          0          0          0
      0.92          0          0          0
      0.93          0          0          0
      0.94          0          0          0
      0.95          0          0          0
      0.96          0          0          0
      0.97          0          0          0
      0.98          0          0          0
      0.99          0          0          0
