         0          1   0.406617   0.578148
      0.01   0.907444   0.584159   0.710768
      0.02   0.907444   0.584137   0.710752
      0.03   0.907444   0.584268   0.710848
      0.04   0.907444   0.584685   0.711157
      0.05   0.906731   0.586011   0.711917
      0.06   0.904035   0.588981   0.713267
      0.07   0.897971   0.592956   0.714264
      0.08   0.878667   0.601946   0.714448
      0.09   0.868519   0.611129   0.717437
       0.1   0.836372   0.623355   0.714321
      0.11   0.804424   0.639126   0.712311
      0.12   0.781909   0.646821   0.707979
      0.13   0.741993   0.659795   0.698484
      0.14   0.716743     0.6681   0.691567
      0.15   0.668265   0.678716    0.67345
      0.16   0.640518   0.687065   0.662976
      0.17   0.581417   0.699575   0.635047
      0.18    0.54935   0.710521   0.619626
      0.19   0.491438   0.718117   0.583537
       0.2   0.457864   0.726491   0.561714
      0.21   0.415332   0.729361   0.529272
      0.22   0.374703   0.726123    0.49432
      0.23   0.343468   0.717293    0.46451
      0.24   0.288846   0.702194   0.409319
      0.25   0.260068   0.697924   0.378934
      0.26   0.231013   0.697842   0.347117
      0.27   0.197875   0.695135   0.308059
      0.28   0.161804   0.712271   0.263704
      0.29   0.139329   0.711835   0.233044
       0.3    0.11404   0.739631   0.197611
      0.31  0.0877596   0.732353   0.156737
      0.32  0.0781671   0.745704   0.141502
      0.33  0.0598145   0.753363   0.110829
      0.34  0.0488743   0.733333   0.091641
      0.35  0.0355954   0.664179  0.0675695
      0.36  0.0330981   0.630252  0.0628934
      0.37  0.0202553   0.586207  0.0391575
      0.38  0.0182337   0.589041  0.0353725
      0.39  0.0122087   0.785714  0.0240437
       0.4  0.0114952          1  0.0227291
      0.41  0.0109402          1  0.0216437
      0.42  0.0107817          1  0.0213333
      0.43  0.0104646          1  0.0207124
      0.44 0.00816553          1  0.0161988
      0.45  0.0043206          1 0.00860402
      0.46 0.00285397          1  0.0056917
      0.47  0.0020612          1 0.00411392
      0.48 0.00186301          1 0.00371909
      0.49          0          0          0
       0.5          0          0          0
      0.51          0          0          0
      0.52          0          0          0
      0.53          0          0          0
      0.54          0          0          0
      0.55          0          0          0
      0.56          0          0          0
      0.57          0          0          0
      0.58          0          0          0
      0.59          0          0          0
       0.6          0          0          0
      0.61          0          0          0
      0.62          0          0          0
      0.63          0          0          0
      0.64          0          0          0
      0.65          0          0          0
      0.66          0          0          0
      0.67          0          0          0
      0.68          0          0          0
      0.69          0          0          0
       0.7          0          0          0
      0.71          0          0          0
      0.72          0          0          0
      0.73          0          0          0
      0.74          0          0          0
      0.75          0          0          0
      0.76          0          0          0
      0.77          0          0          0
      0.78          0          0          0
      0.79          0          0          0
       0.8          0          0          0
      0.81          0          0          0
      0.82          0          0          0
      0.83          0          0          0
      0.84          0          0          0
      0.85          0          0          0
      0.86          0          0          0
      0.87          0          0          0
      0.88          0          0          0
      0.89          0          0          0
       0.9          0          0          0
      0.91          0          0          0
      0.92          0          0          0
      0.93          0          0          0
      0.94          0          0          0
      0.95          0          0          0
      0.96          0          0          0
      0.97          0          0          0
      0.98          0          0          0
      0.99          0          0          0
