         0          1   0.364376   0.534128
      0.01    0.94675   0.414374   0.576447
      0.02    0.94675   0.414374   0.576447
      0.03    0.94675   0.414391   0.576464
      0.04    0.94675   0.414527   0.576596
      0.05    0.94675   0.414496   0.576566
      0.06    0.94675   0.414617   0.576683
      0.07    0.94675   0.414717    0.57678
      0.08   0.946594   0.415317   0.577331
      0.09   0.946232    0.41682   0.578714
       0.1   0.944004   0.418541   0.579951
      0.11   0.940534   0.422263    0.58285
      0.12   0.937011    0.42635   0.586044
      0.13   0.926651   0.431772   0.589068
      0.14   0.918726   0.437717   0.592936
      0.15   0.897021   0.450579    0.59985
      0.16   0.883087   0.460573   0.605401
      0.17   0.854131   0.475645   0.611025
      0.18   0.831235   0.487155   0.614295
      0.19   0.798187   0.506449   0.619699
       0.2   0.767521   0.517504   0.618191
      0.21   0.719503   0.539811   0.616837
      0.22   0.666149   0.558347   0.607503
      0.23   0.636105   0.571263   0.601942
      0.24   0.597669   0.588926   0.593266
      0.25   0.573893   0.601788    0.58751
      0.26   0.533437   0.617551    0.57242
      0.27   0.508573   0.627601   0.561852
      0.28    0.46791   0.642512   0.541484
      0.29   0.440611   0.650131   0.525248
       0.3   0.400829   0.654969   0.497312
      0.31   0.370163   0.662724    0.47501
      0.32   0.356851   0.668416   0.465293
      0.33   0.327221    0.67754    0.44131
      0.34   0.310697   0.679902   0.426496
      0.35   0.294794   0.692344   0.413516
      0.36   0.277907   0.691049   0.396401
      0.37   0.258534   0.700896   0.377736
      0.38   0.244548   0.701789   0.362706
      0.39   0.224139   0.711613   0.340903
       0.4   0.210567   0.721354   0.325979
      0.41   0.186584   0.728408   0.297072
      0.42   0.161979   0.730179    0.26514
      0.43   0.153121   0.730114   0.253151
      0.44   0.138513   0.718693   0.232263
      0.45   0.120694   0.731544   0.207203
      0.46  0.0931365   0.759878   0.165935
      0.47  0.0887335   0.760714   0.158929
      0.48  0.0652681   0.761658   0.120233
      0.49  0.0476042   0.746575  0.0895016
       0.5  0.0390572   0.737864  0.0741875
      0.51   0.026159   0.732143  0.0505132
      0.52  0.0214452   0.731707  0.0416692
      0.53 0.00942761     0.8125  0.0186389
      0.54  0.0044548        0.8 0.00886027
      0.55  0.0039886          1 0.00794552
      0.56    0.00259          1 0.00516662
      0.57          0          0          0
      0.58          0          0          0
      0.59          0          0          0
       0.6          0          0          0
      0.61          0          0          0
      0.62          0          0          0
      0.63          0          0          0
      0.64          0          0          0
      0.65          0          0          0
      0.66          0          0          0
      0.67          0          0          0
      0.68          0          0          0
      0.69          0          0          0
       0.7          0          0          0
      0.71          0          0          0
      0.72          0          0          0
      0.73          0          0          0
      0.74          0          0          0
      0.75          0          0          0
      0.76          0          0          0
      0.77          0          0          0
      0.78          0          0          0
      0.79          0          0          0
       0.8          0          0          0
      0.81          0          0          0
      0.82          0          0          0
      0.83          0          0          0
      0.84          0          0          0
      0.85          0          0          0
      0.86          0          0          0
      0.87          0          0          0
      0.88          0          0          0
      0.89          0          0          0
       0.9          0          0          0
      0.91          0          0          0
      0.92          0          0          0
      0.93          0          0          0
      0.94          0          0          0
      0.95          0          0          0
      0.96          0          0          0
      0.97          0          0          0
      0.98          0          0          0
      0.99          0          0          0
