         0          1   0.374026   0.544424
      0.01   0.771078   0.336742   0.468766
      0.02   0.771078   0.336714   0.468739
      0.03   0.771078   0.336742   0.468767
      0.04   0.771078   0.336687   0.468713
      0.05   0.771078   0.336674   0.468701
      0.06   0.770959   0.336822   0.468822
      0.07   0.770899   0.337102   0.469082
      0.08   0.770005   0.337438   0.469241
      0.09    0.76929   0.337345   0.469018
       0.1   0.768456    0.33748   0.468994
      0.11   0.765477   0.337569   0.468524
      0.12   0.764226   0.337137   0.467872
      0.13   0.758029   0.335823   0.465444
      0.14   0.752309   0.333834   0.462455
      0.15   0.739677   0.330711   0.457067
      0.16   0.732289    0.32908   0.454096
      0.17    0.70911   0.325337   0.446035
      0.18   0.696896   0.322025   0.440501
      0.19   0.674552   0.316636   0.430972
       0.2   0.660907   0.314562   0.426248
      0.21   0.635226   0.309552   0.416258
      0.22   0.597926   0.301573   0.400931
      0.23   0.574391   0.296004   0.390677
      0.24   0.547399   0.291196   0.380161
      0.25   0.527975   0.287339   0.372146
      0.26   0.489603   0.284262   0.359689
      0.27   0.457427   0.277172   0.345185
      0.28   0.405827   0.270627   0.324716
      0.29   0.372401    0.26464   0.309406
       0.3   0.337365   0.263158   0.295677
      0.31   0.296431    0.26132    0.27777
      0.32   0.262051   0.263673    0.26286
      0.33   0.222189   0.268814   0.243288
      0.34   0.201394   0.270157   0.230762
      0.35   0.181195   0.287152   0.222188
      0.36   0.167908   0.301632   0.215728
      0.37   0.142585   0.315225   0.196354
      0.38   0.129715   0.328814   0.186038
      0.39   0.113269    0.36039   0.172365
       0.4  0.0983138   0.369452   0.155301
      0.41  0.0824048   0.395018   0.136363
      0.42  0.0677471   0.422604   0.116774
      0.43  0.0595841    0.45768   0.105441
      0.44  0.0513615   0.526087  0.0935862
      0.45  0.0446285   0.569697  0.0827728
      0.46  0.0393851   0.654206  0.0742973
      0.47  0.0347375        0.7  0.0661904
      0.48  0.0300304   0.843137  0.0579951
      0.49  0.0227611   0.868421  0.0443596
       0.5  0.0122743   0.894737  0.0242164
      0.51  0.0116189          1  0.0229709
      0.52 0.00351546          1 0.00700629
      0.53 0.00202586          1 0.00404353
      0.54 0.00172794          1 0.00344992
      0.55 0.00125127          1  0.0024994
      0.56 0.00125127          1  0.0024994
      0.57 0.00125127          1  0.0024994
      0.58          0          0          0
      0.59          0          0          0
       0.6          0          0          0
      0.61          0          0          0
      0.62          0          0          0
      0.63          0          0          0
      0.64          0          0          0
      0.65          0          0          0
      0.66          0          0          0
      0.67          0          0          0
      0.68          0          0          0
      0.69          0          0          0
       0.7          0          0          0
      0.71          0          0          0
      0.72          0          0          0
      0.73          0          0          0
      0.74          0          0          0
      0.75          0          0          0
      0.76          0          0          0
      0.77          0          0          0
      0.78          0          0          0
      0.79          0          0          0
       0.8          0          0          0
      0.81          0          0          0
      0.82          0          0          0
      0.83          0          0          0
      0.84          0          0          0
      0.85          0          0          0
      0.86          0          0          0
      0.87          0          0          0
      0.88          0          0          0
      0.89          0          0          0
       0.9          0          0          0
      0.91          0          0          0
      0.92          0          0          0
      0.93          0          0          0
      0.94          0          0          0
      0.95          0          0          0
      0.96          0          0          0
      0.97          0          0          0
      0.98          0          0          0
      0.99          0          0          0
