         0          1   0.176767   0.300428
      0.01   0.972246   0.261955   0.412712
      0.02   0.972246   0.261955   0.412712
      0.03   0.972246   0.261955   0.412712
      0.04   0.972246   0.262077   0.412864
      0.05   0.972246   0.262182   0.412993
      0.06   0.972246   0.262569   0.413474
      0.07   0.972246   0.262989   0.413995
      0.08   0.972246    0.26399   0.415234
      0.09   0.972201   0.265019   0.416501
       0.1   0.972157   0.267919    0.42007
      0.11     0.9718   0.272765   0.425969
      0.12   0.971443   0.276975    0.43105
      0.13   0.969345   0.282989   0.438085
      0.14    0.95529   0.286596   0.440913
      0.15   0.926777   0.293684   0.446027
      0.16   0.906653   0.299701   0.450489
      0.17   0.890277   0.310253   0.460149
      0.18    0.88528   0.317797     0.4677
      0.19   0.868681   0.326796   0.474926
       0.2    0.84338   0.333407   0.477893
      0.21   0.813663   0.348094   0.487591
      0.22   0.796395   0.363026   0.498718
      0.23   0.788006   0.374774   0.507962
      0.24   0.776851   0.398116   0.526443
      0.25   0.772255   0.414603   0.539541
      0.26   0.765785   0.440356   0.559168
      0.27   0.761947   0.460429   0.574001
      0.28   0.759984    0.49041   0.596138
      0.29   0.758913   0.513282   0.612385
       0.3   0.755433   0.547161   0.634647
      0.31   0.753112   0.580061   0.655355
      0.32   0.748115   0.599732   0.665756
      0.33   0.742983   0.633489   0.683881
      0.34   0.742225   0.653704   0.695158
      0.35   0.739771   0.693788   0.716042
      0.36    0.73687   0.714794   0.725664
      0.37   0.731337    0.74464   0.737929
      0.38    0.72866   0.765014   0.746395
      0.39   0.724466   0.790948   0.756249
       0.4   0.722502   0.817768   0.767189
      0.41    0.71871   0.846154   0.777242
      0.42   0.707465   0.875206   0.782447
      0.43   0.689438   0.894299   0.778619
      0.44   0.663469   0.912899    0.76845
      0.45   0.642675   0.924677   0.758307
      0.46   0.621927    0.93494   0.746967
      0.47   0.608897    0.94464   0.740489
      0.48   0.579314   0.961498   0.723007
      0.49    0.54442   0.966942    0.69662
       0.5   0.481148   0.969605   0.643146
      0.51   0.413993   0.977688   0.581679
      0.52   0.344831   0.979798   0.510127
      0.53   0.264781   0.979239   0.416848
      0.54   0.239838   0.982906   0.385588
      0.55    0.18888   0.981366   0.316789
      0.56   0.151577   0.981818   0.262612
      0.57    0.08063   0.957447   0.148735
      0.58  0.0574718   0.958333    0.10844
      0.59  0.0103074          1  0.0204046
       0.6          0          0          0
      0.61          0          0          0
      0.62          0          0          0
      0.63          0          0          0
      0.64          0          0          0
      0.65          0          0          0
      0.66          0          0          0
      0.67          0          0          0
      0.68          0          0          0
      0.69          0          0          0
       0.7          0          0          0
      0.71          0          0          0
      0.72          0          0          0
      0.73          0          0          0
      0.74          0          0          0
      0.75          0          0          0
      0.76          0          0          0
      0.77          0          0          0
      0.78          0          0          0
      0.79          0          0          0
       0.8          0          0          0
      0.81          0          0          0
      0.82          0          0          0
      0.83          0          0          0
      0.84          0          0          0
      0.85          0          0          0
      0.86          0          0          0
      0.87          0          0          0
      0.88          0          0          0
      0.89          0          0          0
       0.9          0          0          0
      0.91          0          0          0
      0.92          0          0          0
      0.93          0          0          0
      0.94          0          0          0
      0.95          0          0          0
      0.96          0          0          0
      0.97          0          0          0
      0.98          0          0          0
      0.99          0          0          0
