         0          1   0.361785    0.53134
      0.01   0.972926   0.398779   0.565694
      0.02   0.972926   0.398779   0.565694
      0.03   0.972926   0.398779   0.565694
      0.04   0.972926   0.398835    0.56575
      0.05   0.972926   0.398972   0.565888
      0.06   0.972926   0.399303   0.566221
      0.07   0.972863   0.399992   0.566902
      0.08   0.972396   0.401812   0.568648
      0.09   0.971709   0.403889   0.570607
       0.1   0.969464   0.410242   0.576521
      0.11   0.965533   0.420932   0.586273
      0.12    0.95995   0.430298   0.594231
      0.13   0.947723   0.450254   0.610476
      0.14   0.935777   0.465785   0.621978
      0.15   0.913724   0.491523   0.639199
      0.16   0.893918   0.512228   0.651269
      0.17   0.854086   0.546503    0.66652
      0.18   0.825047   0.568569   0.673207
      0.19   0.775577   0.600928   0.677173
       0.2   0.738428   0.622956   0.675795
      0.21   0.685496   0.656305   0.670583
      0.22   0.634155   0.690105   0.660948
      0.23   0.603337   0.709716   0.652217
      0.24    0.55733   0.745937   0.637986
      0.25   0.531129   0.766635   0.627513
      0.26   0.483063   0.799616   0.602278
      0.27   0.454273   0.820128   0.584686
      0.28   0.416032   0.842105   0.556923
      0.29   0.390705   0.854515   0.536232
       0.3   0.357642   0.884095    0.50927
      0.31   0.324017   0.896679   0.476023
      0.32   0.303213    0.90757    0.45456
      0.33   0.288615   0.922671   0.439693
      0.34   0.268528   0.933269   0.417057
      0.35   0.255053   0.941423   0.401367
      0.36   0.243731   0.954955   0.388345
      0.37   0.234498   0.962149    0.37709
      0.38   0.223019   0.963542   0.362204
      0.39   0.210418   0.974322   0.346093
       0.4   0.195852   0.977099   0.326299
      0.41   0.178447   0.977966   0.301821
      0.42   0.173269   0.980072   0.294477
      0.43   0.165066   0.984466   0.282726
      0.44   0.157049   0.989224   0.271064
      0.45   0.152651   0.988479   0.264462
      0.46   0.141734   0.994805   0.248118
      0.47    0.13587   0.994366   0.239073
      0.48   0.128665   0.996774   0.227911
      0.49    0.12015    0.99635    0.21444
       0.5   0.111447          1   0.200544
      0.51   0.107954          1   0.194871
      0.52   0.101653          1   0.184547
      0.53  0.0806613          1   0.149281
      0.54  0.0743606          1   0.138428
      0.55  0.0605115          1   0.114118
      0.56  0.0458515          1  0.0876827
      0.57  0.0262009          1  0.0510638
      0.58   0.018403          1  0.0361409
      0.59 0.00499064          1 0.00993172
       0.6  0.0040549          1 0.00807704
      0.61 0.00218341          1  0.0043573
      0.62          0          0          0
      0.63          0          0          0
      0.64          0          0          0
      0.65          0          0          0
      0.66          0          0          0
      0.67          0          0          0
      0.68          0          0          0
      0.69          0          0          0
       0.7          0          0          0
      0.71          0          0          0
      0.72          0          0          0
      0.73          0          0          0
      0.74          0          0          0
      0.75          0          0          0
      0.76          0          0          0
      0.77          0          0          0
      0.78          0          0          0
      0.79          0          0          0
       0.8          0          0          0
      0.81          0          0          0
      0.82          0          0          0
      0.83          0          0          0
      0.84          0          0          0
      0.85          0          0          0
      0.86          0          0          0
      0.87          0          0          0
      0.88          0          0          0
      0.89          0          0          0
       0.9          0          0          0
      0.91          0          0          0
      0.92          0          0          0
      0.93          0          0          0
      0.94          0          0          0
      0.95          0          0          0
      0.96          0          0          0
      0.97          0          0          0
      0.98          0          0          0
      0.99          0          0          0
