         0          1   0.298178   0.459379
      0.01   0.945373   0.316414   0.474136
      0.02   0.945373   0.316414   0.474136
      0.03   0.945373   0.316414   0.474136
      0.04   0.945373   0.316487   0.474218
      0.05   0.944895   0.316541   0.474218
      0.06    0.94463   0.317045    0.47475
      0.07   0.943728   0.318178   0.475904
      0.08   0.942562   0.320748   0.478623
      0.09   0.940971   0.323945   0.481965
       0.1   0.933333   0.331357   0.489078
      0.11   0.926386   0.345571   0.503369
      0.12   0.919491   0.357152   0.514471
      0.13   0.893079   0.374609    0.52782
      0.14   0.867197   0.392112   0.540039
      0.15   0.822434   0.414288   0.551013
      0.16   0.775975    0.43256   0.555475
      0.17   0.722196   0.460732   0.562568
      0.18   0.686502   0.479356   0.564527
      0.19   0.618934   0.512845   0.560917
       0.2   0.577672   0.536475   0.556312
      0.21   0.522302   0.577784   0.548644
      0.22   0.468258   0.604498   0.527727
      0.23    0.42795   0.625051   0.508054
      0.24   0.381119   0.653725   0.481516
      0.25   0.349032   0.666462   0.458135
      0.26   0.298648   0.677733   0.414599
      0.27   0.268311   0.691383   0.386593
      0.28   0.232352    0.73384   0.352951
      0.29   0.218616   0.773504   0.340887
       0.3   0.193848   0.827411   0.314106
      0.31   0.182392   0.878613   0.302076
      0.32   0.175285   0.918067   0.294367
      0.33   0.164254   0.950588   0.280107
      0.34   0.160647   0.962312   0.275331
      0.35    0.15301   0.972678   0.264424
      0.36   0.143835   0.974138   0.250659
      0.37   0.137364   0.984076   0.241077
      0.38   0.132485   0.985816   0.233579
      0.39   0.118748   0.991597   0.212097
       0.4   0.111801   0.995305   0.201021
      0.41   0.103421          1   0.187455
      0.42  0.0985415          1   0.179404
      0.43  0.0898966          1   0.164964
      0.44  0.0816229          1   0.150927
      0.45  0.0779634          1   0.144649
      0.46  0.0690003          1   0.129093
      0.47  0.0560594          1   0.106167
      0.48  0.0281623          1  0.0547818
      0.49  0.0172368          1  0.0338895
       0.5  0.0108194          1  0.0214072
      0.51 0.00498542          1 0.00992137
      0.52          0          0          0
      0.53          0          0          0
      0.54          0          0          0
      0.55          0          0          0
      0.56          0          0          0
      0.57          0          0          0
      0.58          0          0          0
      0.59          0          0          0
       0.6          0          0          0
      0.61          0          0          0
      0.62          0          0          0
      0.63          0          0          0
      0.64          0          0          0
      0.65          0          0          0
      0.66          0          0          0
      0.67          0          0          0
      0.68          0          0          0
      0.69          0          0          0
       0.7          0          0          0
      0.71          0          0          0
      0.72          0          0          0
      0.73          0          0          0
      0.74          0          0          0
      0.75          0          0          0
      0.76          0          0          0
      0.77          0          0          0
      0.78          0          0          0
      0.79          0          0          0
       0.8          0          0          0
      0.81          0          0          0
      0.82          0          0          0
      0.83          0          0          0
      0.84          0          0          0
      0.85          0          0          0
      0.86          0          0          0
      0.87          0          0          0
      0.88          0          0          0
      0.89          0          0          0
       0.9          0          0          0
      0.91          0          0          0
      0.92          0          0          0
      0.93          0          0          0
      0.94          0          0          0
      0.95          0          0          0
      0.96          0          0          0
      0.97          0          0          0
      0.98          0          0          0
      0.99          0          0          0
