         0          1    0.48887   0.656699
      0.01   0.928781   0.580532   0.714481
      0.02   0.928781   0.580562   0.714503
      0.03   0.928781   0.580591   0.714525
      0.04   0.928757    0.58083   0.714698
      0.05   0.928757   0.581178   0.714962
      0.06   0.927461   0.582323   0.715442
      0.07   0.926923   0.584694   0.717068
      0.08   0.925358   0.592585   0.722495
      0.09   0.923916   0.599989   0.727525
       0.1   0.916826   0.621343   0.740703
      0.11   0.904846   0.656098   0.760652
      0.12   0.892108   0.680414   0.772012
      0.13   0.860276   0.721703    0.78492
      0.14   0.836976   0.749932   0.791067
      0.15   0.811158   0.791163   0.801036
      0.16   0.792431   0.822069   0.806978
      0.17   0.756736   0.858622   0.804466
      0.18    0.73082    0.87791    0.79764
      0.19   0.683243    0.91017   0.780547
       0.2   0.655518    0.92582   0.767567
      0.21   0.603393   0.946302   0.736909
      0.22   0.552125   0.962303   0.701666
      0.23   0.517676   0.971287   0.675386
      0.24   0.461591   0.976707   0.626907
      0.25   0.424209   0.979176   0.591962
      0.26    0.37717   0.981585   0.544946
      0.27     0.3437   0.980557   0.508991
      0.28   0.289717   0.979781   0.447199
      0.29   0.255929   0.981244   0.405972
       0.3   0.213144   0.981037   0.350201
      0.31   0.167278   0.983108   0.285908
      0.32   0.143587   0.983773   0.250598
      0.33   0.112024   0.988981   0.201252
      0.34  0.0907046   0.993197   0.166228
      0.35  0.0736883          1   0.137262
      0.36  0.0626375          1   0.117891
      0.37  0.0484817          1  0.0924799
      0.38  0.0396313          1  0.0762411
      0.39  0.0338125          1  0.0654133
       0.4  0.0237152          1  0.0463317
      0.41  0.0229573          1  0.0448842
      0.42  0.0219794          1  0.0430133
      0.43  0.0203658          1  0.0399185
      0.44   0.017383          1   0.034172
      0.45  0.0148892          1  0.0293416
      0.46  0.0144492          1  0.0284867
      0.47  0.0112708          1  0.0222905
      0.48  0.0100729          1  0.0199448
      0.49 0.00814141          1  0.0161513
       0.5 0.00491419          1 0.00978031
      0.51 0.00442521          1 0.00881143
      0.52  0.0028116          1 0.00560743
      0.53 0.00212704          1 0.00424504
      0.54 0.00168696          1 0.00336824
      0.55          0          0          0
      0.56          0          0          0
      0.57          0          0          0
      0.58          0          0          0
      0.59          0          0          0
       0.6          0          0          0
      0.61          0          0          0
      0.62          0          0          0
      0.63          0          0          0
      0.64          0          0          0
      0.65          0          0          0
      0.66          0          0          0
      0.67          0          0          0
      0.68          0          0          0
      0.69          0          0          0
       0.7          0          0          0
      0.71          0          0          0
      0.72          0          0          0
      0.73          0          0          0
      0.74          0          0          0
      0.75          0          0          0
      0.76          0          0          0
      0.77          0          0          0
      0.78          0          0          0
      0.79          0          0          0
       0.8          0          0          0
      0.81          0          0          0
      0.82          0          0          0
      0.83          0          0          0
      0.84          0          0          0
      0.85          0          0          0
      0.86          0          0          0
      0.87          0          0          0
      0.88          0          0          0
      0.89          0          0          0
       0.9          0          0          0
      0.91          0          0          0
      0.92          0          0          0
      0.93          0          0          0
      0.94          0          0          0
      0.95          0          0          0
      0.96          0          0          0
      0.97          0          0          0
      0.98          0          0          0
      0.99          0          0          0
