         0          1   0.242084   0.389803
      0.01   0.991692   0.279914   0.436595
      0.02   0.991692   0.279925   0.436608
      0.03   0.991692    0.27993   0.436614
      0.04   0.991692    0.28007   0.436785
      0.05   0.991692   0.280369   0.437148
      0.06   0.991692   0.281809   0.438897
      0.07   0.991154    0.28325   0.440589
      0.08   0.990975   0.288943   0.447427
      0.09   0.990915    0.29507   0.454732
       0.1   0.989301   0.308312   0.470115
      0.11   0.985954   0.331949   0.496677
      0.12   0.980635    0.35054   0.516464
      0.13   0.971131   0.389717   0.556222
      0.14   0.956368   0.418943   0.582652
      0.15   0.929831   0.460854   0.616266
      0.16   0.900305   0.485217   0.630583
      0.17   0.845257   0.525474   0.648064
      0.18   0.803538   0.554212   0.655983
      0.19   0.749626   0.585192   0.657281
       0.2   0.695894   0.607584   0.648747
      0.21   0.609049   0.637692   0.623041
      0.22   0.511984   0.667123   0.579347
      0.23   0.484191   0.690938   0.569377
      0.24   0.421433   0.723038   0.532494
      0.25      0.368   0.745812   0.492827
      0.26    0.31863   0.770758   0.450871
      0.27   0.305481   0.792683   0.441008
      0.28    0.28504   0.820859   0.423144
      0.29    0.26412   0.833333   0.401111
       0.3   0.228976   0.863481   0.361967
      0.31    0.19431   0.879592   0.318304
      0.32   0.183731   0.897436   0.305016
      0.33    0.15283   0.902579   0.261399
      0.34   0.142012   0.911184   0.245726
      0.35   0.118821      0.916   0.210356
      0.36   0.104178   0.938967   0.187547
      0.37  0.0795529   0.947977   0.146788
      0.38  0.0625784   0.942029   0.117361
      0.39  0.0528361   0.945946   0.100082
       0.4  0.0384317   0.935065  0.0738289
      0.41  0.0262985   0.964286  0.0512006
      0.42  0.0201423          1  0.0394891
      0.43  0.0196043          1  0.0384548
      0.44  0.0120136          1   0.023742
      0.45 0.00896539          1  0.0177715
      0.46 0.00717231          1  0.0142425
      0.47 0.00239077          1 0.00477014
      0.48          0          0          0
      0.49          0          0          0
       0.5          0          0          0
      0.51          0          0          0
      0.52          0          0          0
      0.53          0          0          0
      0.54          0          0          0
      0.55          0          0          0
      0.56          0          0          0
      0.57          0          0          0
      0.58          0          0          0
      0.59          0          0          0
       0.6          0          0          0
      0.61          0          0          0
      0.62          0          0          0
      0.63          0          0          0
      0.64          0          0          0
      0.65          0          0          0
      0.66          0          0          0
      0.67          0          0          0
      0.68          0          0          0
      0.69          0          0          0
       0.7          0          0          0
      0.71          0          0          0
      0.72          0          0          0
      0.73          0          0          0
      0.74          0          0          0
      0.75          0          0          0
      0.76          0          0          0
      0.77          0          0          0
      0.78          0          0          0
      0.79          0          0          0
       0.8          0          0          0
      0.81          0          0          0
      0.82          0          0          0
      0.83          0          0          0
      0.84          0          0          0
      0.85          0          0          0
      0.86          0          0          0
      0.87          0          0          0
      0.88          0          0          0
      0.89          0          0          0
       0.9          0          0          0
      0.91          0          0          0
      0.92          0          0          0
      0.93          0          0          0
      0.94          0          0          0
      0.95          0          0          0
      0.96          0          0          0
      0.97          0          0          0
      0.98          0          0          0
      0.99          0          0          0
