         0          1   0.319512   0.484288
      0.01   0.925897   0.301904   0.455338
      0.02   0.925897   0.301904   0.455338
      0.03   0.925897   0.301904   0.455338
      0.04   0.925897   0.301815   0.455236
      0.05   0.925614   0.301676   0.455044
      0.06    0.92526   0.301394   0.454681
      0.07   0.925119   0.301268    0.45452
      0.08   0.924269    0.30074   0.453817
      0.09   0.922358   0.299857   0.452581
       0.1    0.91705   0.298895   0.450845
      0.11   0.906575   0.296211   0.446526
      0.12   0.895463   0.293858   0.442503
      0.13   0.876778   0.289466   0.435239
      0.14    0.85505   0.284991   0.427496
      0.15   0.813292    0.28004   0.416624
      0.16   0.785547   0.278081   0.410756
      0.17   0.723335   0.273973   0.397418
      0.18   0.682426   0.266397   0.383204
      0.19   0.621983   0.260558   0.367264
       0.2   0.579234   0.255577   0.354664
      0.21   0.501309   0.246101   0.330133
      0.22   0.436478   0.237986   0.308024
      0.23   0.394012   0.229615   0.290145
      0.24   0.338594   0.222917    0.26884
      0.25   0.294642   0.216609   0.249671
      0.26   0.236676   0.208633   0.221772
      0.27   0.209144   0.210983   0.210059
      0.28   0.165404   0.222902   0.189896
      0.29   0.149975   0.211604   0.175538
       0.3   0.124496   0.215855   0.157914
      0.31  0.0960436   0.200255   0.129823
      0.32   0.081676   0.199021   0.115821
      0.33  0.0549933   0.172811  0.0834352
      0.34  0.0462878   0.159218   0.071724
      0.35  0.0346804   0.163347  0.0572137
      0.36  0.0251256   0.161458  0.0434844
      0.37  0.0160662   0.192982   0.029663
      0.38  0.0111119   0.189189  0.0209909
      0.39 0.00636988   0.170213  0.0122802
       0.4 0.00523745   0.133333   0.010079
      0.41 0.00353882   0.111111 0.00685918
      0.42 0.000636988      0.125 0.00126752
      0.43 0.000636988      0.125 0.00126752
      0.44          0          0          0
      0.45          0          0          0
      0.46          0          0          0
      0.47          0          0          0
      0.48          0          0          0
      0.49          0          0          0
       0.5          0          0          0
      0.51          0          0          0
      0.52          0          0          0
      0.53          0          0          0
      0.54          0          0          0
      0.55          0          0          0
      0.56          0          0          0
      0.57          0          0          0
      0.58          0          0          0
      0.59          0          0          0
       0.6          0          0          0
      0.61          0          0          0
      0.62          0          0          0
      0.63          0          0          0
      0.64          0          0          0
      0.65          0          0          0
      0.66          0          0          0
      0.67          0          0          0
      0.68          0          0          0
      0.69          0          0          0
       0.7          0          0          0
      0.71          0          0          0
      0.72          0          0          0
      0.73          0          0          0
      0.74          0          0          0
      0.75          0          0          0
      0.76          0          0          0
      0.77          0          0          0
      0.78          0          0          0
      0.79          0          0          0
       0.8          0          0          0
      0.81          0          0          0
      0.82          0          0          0
      0.83          0          0          0
      0.84          0          0          0
      0.85          0          0          0
      0.86          0          0          0
      0.87          0          0          0
      0.88          0          0          0
      0.89          0          0          0
       0.9          0          0          0
      0.91          0          0          0
      0.92          0          0          0
      0.93          0          0          0
      0.94          0          0          0
      0.95          0          0          0
      0.96          0          0          0
      0.97          0          0          0
      0.98          0          0          0
      0.99          0          0          0
