         0          1   0.384732   0.555677
      0.01   0.875974   0.449966   0.594535
      0.02   0.875974   0.449966   0.594535
      0.03   0.875974   0.450007    0.59457
      0.04   0.875974   0.450199   0.594738
      0.05   0.875802    0.45083   0.595248
      0.06   0.874656    0.45273   0.596636
      0.07   0.874141   0.455867   0.599232
      0.08   0.870073     0.4648   0.605915
      0.09   0.864688   0.475599   0.613667
       0.1     0.8522   0.499152   0.629558
      0.11   0.827967   0.526888   0.643974
      0.12   0.796918   0.548686   0.649905
      0.13   0.756932   0.580677   0.657192
      0.14   0.726971   0.603992     0.6598
      0.15   0.677016   0.636272   0.656012
      0.16   0.633249   0.659076   0.645904
      0.17   0.567198   0.684864   0.620502
      0.18   0.523717   0.696632   0.597924
      0.19   0.448843   0.700521   0.547127
       0.2    0.39505   0.704659   0.506272
      0.21   0.340972   0.714974   0.461739
      0.22   0.301501   0.727166   0.426263
      0.23   0.276925   0.735758   0.402396
      0.24   0.239001   0.732715   0.360434
      0.25    0.22382   0.727626   0.342336
      0.26   0.196895   0.722934   0.309497
      0.27   0.176157   0.724599   0.283414
      0.28   0.158398   0.734095   0.260572
      0.29   0.139608   0.736549   0.234726
       0.3   0.123854   0.752193   0.212688
      0.31   0.109361   0.773087   0.191615
      0.32   0.104205   0.795107   0.184261
      0.33  0.0912007   0.814394   0.164032
      0.34  0.0851856   0.824786   0.154422
      0.35  0.0755614   0.852632    0.13882
      0.36    0.06989   0.872727   0.129416
      0.37   0.060495   0.909774   0.113446
      0.38  0.0573442   0.905172   0.107856
      0.39  0.0476627   0.926829   0.090663
       0.4  0.0464597   0.958333  0.0886229
      0.41  0.0414757   0.967213  0.0795406
      0.42  0.0356324          1  0.0688129
      0.43  0.0257218          1  0.0501536
      0.44  0.0221127          1  0.0432687
      0.45   0.021368          1  0.0418419
      0.46   0.012374          1  0.0244455
      0.47 0.00847846          1  0.0168144
      0.48  0.0026352          1 0.00525654
      0.49  0.0026352          1 0.00525654
       0.5          0          0          0
      0.51          0          0          0
      0.52          0          0          0
      0.53          0          0          0
      0.54          0          0          0
      0.55          0          0          0
      0.56          0          0          0
      0.57          0          0          0
      0.58          0          0          0
      0.59          0          0          0
       0.6          0          0          0
      0.61          0          0          0
      0.62          0          0          0
      0.63          0          0          0
      0.64          0          0          0
      0.65          0          0          0
      0.66          0          0          0
      0.67          0          0          0
      0.68          0          0          0
      0.69          0          0          0
       0.7          0          0          0
      0.71          0          0          0
      0.72          0          0          0
      0.73          0          0          0
      0.74          0          0          0
      0.75          0          0          0
      0.76          0          0          0
      0.77          0          0          0
      0.78          0          0          0
      0.79          0          0          0
       0.8          0          0          0
      0.81          0          0          0
      0.82          0          0          0
      0.83          0          0          0
      0.84          0          0          0
      0.85          0          0          0
      0.86          0          0          0
      0.87          0          0          0
      0.88          0          0          0
      0.89          0          0          0
       0.9          0          0          0
      0.91          0          0          0
      0.92          0          0          0
      0.93          0          0          0
      0.94          0          0          0
      0.95          0          0          0
      0.96          0          0          0
      0.97          0          0          0
      0.98          0          0          0
      0.99          0          0          0
