         0          1   0.289124   0.448559
      0.01   0.966398   0.430493   0.595648
      0.02   0.966398   0.430493   0.595648
      0.03   0.966398   0.430609   0.595759
      0.04   0.966398   0.430959   0.596094
      0.05   0.966398   0.431261   0.596383
      0.06   0.966398   0.432054   0.597141
      0.07   0.966398   0.433365   0.598392
      0.08   0.966301   0.436938    0.60177
      0.09   0.965817   0.440539   0.605081
       0.1   0.963538   0.450764   0.614194
      0.11   0.955392   0.463736   0.624397
      0.12   0.949913    0.47498   0.633296
      0.13   0.939391   0.494658   0.648063
      0.14   0.933718   0.510114   0.659775
      0.15   0.921548   0.533246   0.675576
      0.16    0.91442   0.546536    0.68416
      0.17   0.898904   0.565442   0.694205
      0.18    0.88494    0.57762   0.698992
      0.19   0.875582   0.598611   0.711078
       0.2   0.861715   0.613749   0.716895
      0.21   0.846053   0.632265     0.7237
      0.22    0.82467   0.654228   0.729628
      0.23   0.811239   0.667472   0.732367
      0.24   0.763916   0.686913   0.723371
      0.25   0.746024   0.701331   0.722987
      0.26   0.706216   0.726833   0.716376
      0.27   0.679742   0.747072   0.711818
      0.28    0.64294   0.776411     0.7034
      0.29   0.623109   0.797766   0.699703
       0.3   0.583059   0.832593   0.685833
      0.31   0.548293   0.863601   0.670739
      0.32    0.52725   0.885072   0.660832
      0.33   0.498545   0.896897   0.640863
      0.34   0.473187    0.90191   0.620715
      0.35   0.446761   0.907842    0.59883
      0.36   0.421645   0.910289   0.576333
      0.37   0.373157   0.917472   0.530534
      0.38   0.342271   0.915171   0.498212
      0.39   0.303772   0.914314   0.456032
       0.4   0.268377   0.911797   0.414693
      0.41   0.221635   0.910326   0.356479
      0.42   0.185997   0.912397   0.309002
      0.43    0.15608      0.918   0.266799
      0.44   0.126212   0.921622    0.22202
      0.45   0.112199   0.915888   0.199909
      0.46  0.0858708   0.913934   0.156991
      0.47   0.071955   0.907767   0.133341
      0.48  0.0592514   0.909774   0.111257
      0.49  0.0536753   0.888889   0.101237
       0.5  0.0456265   0.873418  0.0867226
      0.51  0.0371412   0.854545  0.0711883
      0.52  0.0251164        0.8  0.0487037
      0.53  0.0183282   0.833333  0.0358675
      0.54   0.013237   0.785714  0.0260354
      0.55 0.00460628        0.6 0.00914238
      0.56 0.00295772   0.333333 0.00586341
      0.57          0          0          0
      0.58          0          0          0
      0.59          0          0          0
       0.6          0          0          0
      0.61          0          0          0
      0.62          0          0          0
      0.63          0          0          0
      0.64          0          0          0
      0.65          0          0          0
      0.66          0          0          0
      0.67          0          0          0
      0.68          0          0          0
      0.69          0          0          0
       0.7          0          0          0
      0.71          0          0          0
      0.72          0          0          0
      0.73          0          0          0
      0.74          0          0          0
      0.75          0          0          0
      0.76          0          0          0
      0.77          0          0          0
      0.78          0          0          0
      0.79          0          0          0
       0.8          0          0          0
      0.81          0          0          0
      0.82          0          0          0
      0.83          0          0          0
      0.84          0          0          0
      0.85          0          0          0
      0.86          0          0          0
      0.87          0          0          0
      0.88          0          0          0
      0.89          0          0          0
       0.9          0          0          0
      0.91          0          0          0
      0.92          0          0          0
      0.93          0          0          0
      0.94          0          0          0
      0.95          0          0          0
      0.96          0          0          0
      0.97          0          0          0
      0.98          0          0          0
      0.99          0          0          0
