         0          1   0.108911   0.196429
      0.01   0.985917   0.189339   0.317671
      0.02   0.985917   0.189339   0.317671
      0.03   0.985917   0.189358   0.317699
      0.04   0.985917   0.189363   0.317705
      0.05   0.985917   0.189489   0.317882
      0.06   0.985917   0.189676   0.318145
      0.07   0.985515   0.189837   0.318352
      0.08   0.985381   0.191894   0.321231
      0.09   0.985113    0.19561   0.326406
       0.1   0.982564   0.208174   0.343559
      0.11   0.977468   0.223027   0.363187
      0.12   0.970628   0.233289   0.376167
      0.13   0.961508    0.25039   0.397313
      0.14   0.956277    0.26141   0.410582
      0.15     0.9375   0.275166   0.425456
      0.16   0.916309   0.283019   0.432463
      0.17   0.890156   0.302464    0.45151
      0.18   0.865477   0.308101    0.45443
      0.19   0.804989   0.323556   0.461584
       0.2    0.75617   0.331855   0.461274
      0.21   0.676636   0.338583   0.451326
      0.22    0.57618   0.348009   0.433928
      0.23   0.521996   0.349611   0.418756
      0.24   0.433342   0.361769   0.394334
      0.25   0.370038   0.356465   0.363124
      0.26   0.307135    0.35785   0.330559
      0.27   0.271593   0.355118    0.30779
      0.28   0.224383   0.355917   0.275243
      0.29   0.203729   0.356794   0.259362
       0.3   0.166577   0.352486   0.226239
      0.31   0.133315   0.333333   0.190458
      0.32   0.117489   0.319035   0.171735
      0.33   0.103809    0.31441   0.156084
      0.34  0.0980418   0.295133   0.147188
      0.35  0.0901288   0.278261   0.136156
      0.36  0.0761803   0.267161   0.118555
      0.37  0.0678648   0.252567   0.106983
      0.38  0.0599517   0.248337  0.0965863
      0.39  0.0464056   0.228643  0.0771523
       0.4  0.0427843        0.2  0.0704894
      0.41  0.0291041   0.161392  0.0493151
      0.42  0.0258852   0.148551   0.044088
      0.43   0.020118   0.138889  0.0351453
      0.44  0.0164968   0.122642  0.0290817
      0.45 0.00871781  0.0994764  0.0160307
      0.46 0.00456009  0.0920245 0.00868958
      0.47 0.00415773  0.0878378 0.00793964
      0.48 0.00348712  0.0983607 0.00673546
      0.49 0.00254828  0.0792079 0.00493771
       0.5 0.00228004  0.0810811 0.00443536
      0.51 0.00187768        0.1 0.00368615
      0.52 0.00147532   0.121212 0.00291516
      0.53 0.000536481  0.0526316 0.00106213
      0.54          0          0          0
      0.55          0          0          0
      0.56          0          0          0
      0.57          0          0          0
      0.58          0          0          0
      0.59          0          0          0
       0.6          0          0          0
      0.61          0          0          0
      0.62          0          0          0
      0.63          0          0          0
      0.64          0          0          0
      0.65          0          0          0
      0.66          0          0          0
      0.67          0          0          0
      0.68          0          0          0
      0.69          0          0          0
       0.7          0          0          0
      0.71          0          0          0
      0.72          0          0          0
      0.73          0          0          0
      0.74          0          0          0
      0.75          0          0          0
      0.76          0          0          0
      0.77          0          0          0
      0.78          0          0          0
      0.79          0          0          0
       0.8          0          0          0
      0.81          0          0          0
      0.82          0          0          0
      0.83          0          0          0
      0.84          0          0          0
      0.85          0          0          0
      0.86          0          0          0
      0.87          0          0          0
      0.88          0          0          0
      0.89          0          0          0
       0.9          0          0          0
      0.91          0          0          0
      0.92          0          0          0
      0.93          0          0          0
      0.94          0          0          0
      0.95          0          0          0
      0.96          0          0          0
      0.97          0          0          0
      0.98          0          0          0
      0.99          0          0          0
