         0          1   0.354609   0.523559
      0.01   0.949004   0.413028    0.57556
      0.02   0.949004   0.413028    0.57556
      0.03   0.949004   0.413028    0.57556
      0.04   0.949004   0.413112   0.575641
      0.05   0.949004   0.413082   0.575612
      0.06   0.949004    0.41313   0.575659
      0.07   0.949004    0.41328   0.575804
      0.08   0.949004   0.414103   0.576602
      0.09   0.949004   0.415063   0.577532
       0.1   0.948682   0.416701   0.579056
      0.11   0.947877   0.419419   0.581524
      0.12   0.947032   0.422386   0.584208
      0.13   0.942685   0.429197   0.589843
      0.14   0.941034   0.434389   0.594399
      0.15   0.935238   0.445659   0.603661
      0.16   0.927672   0.454707    0.61028
      0.17   0.918012   0.472012   0.623461
      0.18   0.906782    0.48271   0.630033
      0.19   0.882351   0.498817   0.637333
       0.2   0.871644   0.513067   0.645928
      0.21   0.851439   0.532349   0.655104
      0.22   0.820809   0.550371   0.658921
      0.23   0.802536   0.564711    0.66294
      0.24    0.77251   0.584993     0.6658
      0.25   0.749688   0.601308    0.66735
      0.26   0.702717   0.618117   0.657708
      0.27   0.682713   0.628151   0.654297
      0.28   0.636909   0.649144   0.642968
      0.29   0.617267   0.664546   0.640035
       0.3   0.584061   0.688653   0.632059
      0.31   0.550896    0.70936   0.620165
      0.32   0.525377   0.723309   0.608656
      0.33   0.490602   0.735404   0.588563
      0.34   0.466009   0.748746   0.574474
      0.35   0.427209   0.768591    0.54917
      0.36    0.39835   0.778024   0.526917
      0.37   0.366432   0.798909   0.502421
      0.38   0.336365   0.808765   0.475126
      0.39   0.281425   0.812371   0.418033
       0.4   0.246327   0.823308   0.379201
      0.41   0.200201   0.831683   0.322718
      0.42   0.155001   0.820862   0.260763
      0.43   0.127028   0.813609   0.219746
      0.44  0.0972832   0.831276   0.174182
      0.45  0.0794124   0.819588   0.144795
      0.46   0.062266   0.856164   0.116089
      0.47  0.0525257   0.863248  0.0990259
      0.48  0.0447172   0.926829  0.0853181
      0.49  0.0370296   0.943662  0.0712628
       0.5  0.0342121          1  0.0661607
      0.51  0.0258402          1  0.0503786
      0.52  0.0179915          1  0.0353471
      0.53  0.0152143          1  0.0299726
      0.54  0.0115919          1  0.0229181
      0.55 0.00639968          1   0.012718
      0.56 0.00229422          1 0.00457795
      0.57          0          0          0
      0.58          0          0          0
      0.59          0          0          0
       0.6          0          0          0
      0.61          0          0          0
      0.62          0          0          0
      0.63          0          0          0
      0.64          0          0          0
      0.65          0          0          0
      0.66          0          0          0
      0.67          0          0          0
      0.68          0          0          0
      0.69          0          0          0
       0.7          0          0          0
      0.71          0          0          0
      0.72          0          0          0
      0.73          0          0          0
      0.74          0          0          0
      0.75          0          0          0
      0.76          0          0          0
      0.77          0          0          0
      0.78          0          0          0
      0.79          0          0          0
       0.8          0          0          0
      0.81          0          0          0
      0.82          0          0          0
      0.83          0          0          0
      0.84          0          0          0
      0.85          0          0          0
      0.86          0          0          0
      0.87          0          0          0
      0.88          0          0          0
      0.89          0          0          0
       0.9          0          0          0
      0.91          0          0          0
      0.92          0          0          0
      0.93          0          0          0
      0.94          0          0          0
      0.95          0          0          0
      0.96          0          0          0
      0.97          0          0          0
      0.98          0          0          0
      0.99          0          0          0
