         0          1   0.308236   0.471224
      0.01   0.918159   0.440274   0.595159
      0.02   0.918159   0.440274   0.595159
      0.03   0.918159   0.440298   0.595181
      0.04   0.918159   0.440333   0.595213
      0.05   0.918159   0.440422   0.595294
      0.06   0.918058   0.440857    0.59567
      0.07   0.917907    0.44122   0.595969
      0.08   0.917052   0.441853   0.596366
      0.09   0.916197   0.442307   0.596598
       0.1   0.913833   0.444501   0.598085
      0.11   0.910362   0.446226   0.598895
      0.12   0.908099   0.448681   0.600608
      0.13   0.897636   0.450564   0.599974
      0.14   0.884356    0.45217   0.598386
      0.15   0.865141   0.456666   0.597789
      0.16   0.852364   0.459092   0.596762
      0.17   0.827565   0.460022   0.591336
      0.18   0.812777   0.458879   0.586584
      0.19    0.77998   0.457967   0.577092
       0.2   0.765543    0.45575   0.571356
      0.21   0.730382   0.449841   0.556769
      0.22   0.700352   0.439169   0.539828
      0.23   0.664839   0.432059   0.523749
      0.24   0.631388    0.42504   0.508061
      0.25   0.598692   0.424321   0.496646
      0.26   0.545674   0.422672   0.476361
      0.27    0.51997   0.419567   0.464404
      0.28   0.460262   0.415022   0.436473
      0.29   0.438531   0.419376    0.42874
       0.3   0.395724   0.430757   0.412498
      0.31   0.347938   0.452471   0.393378
      0.32   0.327666   0.469217    0.38587
      0.33   0.287777   0.491928   0.363126
      0.34   0.272887   0.514599   0.356647
      0.35   0.239235   0.554462   0.334251
      0.36   0.228873   0.584674    0.32897
      0.37   0.202817   0.634195   0.307344
      0.38   0.187827   0.658422   0.292277
      0.39   0.162374   0.709677   0.264281
       0.4   0.143662   0.753876   0.241334
      0.41   0.124598   0.793367   0.215371
      0.42   0.102767   0.824373   0.182751
      0.43  0.0916499    0.85514   0.165556
      0.44   0.077666   0.845161   0.142259
      0.45  0.0665996   0.867188   0.123699
      0.46  0.0493964   0.865854  0.0934609
      0.47  0.0423541   0.863636  0.0807482
      0.48  0.0284205   0.909091  0.0551179
      0.49  0.0219819   0.956522  0.0429761
       0.5 0.00975855          1  0.0193285
      0.51  0.0027666          1 0.00551793
      0.52 0.000653924          1 0.00130699
      0.53          0          0          0
      0.54          0          0          0
      0.55          0          0          0
      0.56          0          0          0
      0.57          0          0          0
      0.58          0          0          0
      0.59          0          0          0
       0.6          0          0          0
      0.61          0          0          0
      0.62          0          0          0
      0.63          0          0          0
      0.64          0          0          0
      0.65          0          0          0
      0.66          0          0          0
      0.67          0          0          0
      0.68          0          0          0
      0.69          0          0          0
       0.7          0          0          0
      0.71          0          0          0
      0.72          0          0          0
      0.73          0          0          0
      0.74          0          0          0
      0.75          0          0          0
      0.76          0          0          0
      0.77          0          0          0
      0.78          0          0          0
      0.79          0          0          0
       0.8          0          0          0
      0.81          0          0          0
      0.82          0          0          0
      0.83          0          0          0
      0.84          0          0          0
      0.85          0          0          0
      0.86          0          0          0
      0.87          0          0          0
      0.88          0          0          0
      0.89          0          0          0
       0.9          0          0          0
      0.91          0          0          0
      0.92          0          0          0
      0.93          0          0          0
      0.94          0          0          0
      0.95          0          0          0
      0.96          0          0          0
      0.97          0          0          0
      0.98          0          0          0
      0.99          0          0          0
