         0          1   0.164811   0.282983
      0.01   0.981233   0.188315   0.315987
      0.02   0.981233   0.188322   0.315997
      0.03   0.981233   0.188309   0.315978
      0.04   0.981233   0.188553   0.316322
      0.05   0.981233   0.189004   0.316956
      0.06   0.981233   0.190455   0.318993
      0.07   0.981137   0.192672   0.322093
      0.08   0.980375   0.198355   0.329953
      0.09   0.979804   0.203315   0.336752
       0.1   0.976184   0.216064   0.353816
      0.11   0.964561   0.231016   0.372756
      0.12   0.944175   0.242578   0.385987
      0.13   0.915023   0.261216   0.406411
      0.14   0.871297   0.274201   0.417129
      0.15   0.819282   0.293955    0.43267
      0.16   0.777365   0.304055   0.437132
      0.17   0.728399   0.324229   0.448721
      0.18   0.698581   0.336536   0.454244
      0.19   0.625036    0.34424   0.443965
       0.2   0.573116   0.348274   0.433262
      0.21   0.505954    0.35202   0.415178
      0.22   0.446509   0.340328   0.386254
      0.23   0.397447   0.336858   0.364653
      0.24   0.339811    0.32817   0.333889
      0.25    0.30504   0.322323   0.313443
      0.26   0.255311   0.305085   0.277987
      0.27   0.223397   0.290268    0.25248
      0.28   0.163761   0.276316   0.205645
      0.29   0.134705   0.272494   0.180287
       0.3   0.107936   0.263889   0.153207
      0.31  0.0877394    0.25974    0.13117
      0.32  0.0770696   0.241026   0.116794
      0.33  0.0563971   0.255172  0.0923773
      0.34  0.0478232    0.27193  0.0813412
      0.35  0.0462037   0.302632  0.0801679
      0.36  0.0407736        0.3    0.07179
      0.37  0.0290559        0.3  0.0529805
      0.38  0.0232447       0.25  0.0425346
      0.39  0.0200057   0.238095  0.0369101
       0.4  0.0122892   0.266667  0.0234957
      0.41 0.00952653        0.2  0.0181868
      0.42 0.00828808   0.142857  0.0156672
      0.43          0          0          0
      0.44          0          0          0
      0.45          0          0          0
      0.46          0          0          0
      0.47          0          0          0
      0.48          0          0          0
      0.49          0          0          0
       0.5          0          0          0
      0.51          0          0          0
      0.52          0          0          0
      0.53          0          0          0
      0.54          0          0          0
      0.55          0          0          0
      0.56          0          0          0
      0.57          0          0          0
      0.58          0          0          0
      0.59          0          0          0
       0.6          0          0          0
      0.61          0          0          0
      0.62          0          0          0
      0.63          0          0          0
      0.64          0          0          0
      0.65          0          0          0
      0.66          0          0          0
      0.67          0          0          0
      0.68          0          0          0
      0.69          0          0          0
       0.7          0          0          0
      0.71          0          0          0
      0.72          0          0          0
      0.73          0          0          0
      0.74          0          0          0
      0.75          0          0          0
      0.76          0          0          0
      0.77          0          0          0
      0.78          0          0          0
      0.79          0          0          0
       0.8          0          0          0
      0.81          0          0          0
      0.82          0          0          0
      0.83          0          0          0
      0.84          0          0          0
      0.85          0          0          0
      0.86          0          0          0
      0.87          0          0          0
      0.88          0          0          0
      0.89          0          0          0
       0.9          0          0          0
      0.91          0          0          0
      0.92          0          0          0
      0.93          0          0          0
      0.94          0          0          0
      0.95          0          0          0
      0.96          0          0          0
      0.97          0          0          0
      0.98          0          0          0
      0.99          0          0          0
