         0          1   0.317058   0.481463
      0.01   0.952812   0.388392    0.55184
      0.02   0.952812   0.388392    0.55184
      0.03   0.952812   0.388392    0.55184
      0.04   0.952812   0.388421   0.551869
      0.05   0.952812    0.38845   0.551898
      0.06   0.952714   0.388398   0.551828
      0.07   0.952714   0.388507   0.551939
      0.08    0.95247   0.389078   0.552473
      0.09   0.952225   0.389426   0.552783
       0.1   0.950365   0.390106   0.553153
      0.11   0.946351   0.392075   0.554443
      0.12   0.942582   0.393946   0.555658
      0.13   0.932938   0.399484   0.559423
      0.14   0.921337   0.403123   0.560851
      0.15   0.897988   0.410855   0.563769
      0.16   0.882569   0.417467   0.566821
      0.17   0.853542   0.422797   0.565485
      0.18   0.835675   0.427392   0.565545
      0.19   0.801899   0.433028   0.562373
       0.2   0.776298   0.438531   0.560459
      0.21   0.739782   0.450693   0.560137
      0.22   0.708845   0.462364   0.559669
      0.23    0.69093   0.475868   0.563579
      0.24   0.670468   0.493735   0.568687
      0.25   0.658574   0.509881   0.574767
      0.26    0.62798    0.52641   0.572727
      0.27   0.608204   0.542013   0.573204
      0.28   0.581282   0.560165   0.570528
      0.29   0.561653   0.570835   0.566206
       0.3   0.537765    0.59596   0.565369
      0.31   0.503843   0.614089    0.55353
      0.32   0.478878   0.626866   0.542969
      0.33   0.445249   0.641123   0.525528
      0.34   0.428362   0.647459     0.5156
      0.35   0.402565   0.666867   0.502056
      0.36    0.39067   0.676821   0.495393
      0.37   0.356014   0.676995   0.466636
      0.38   0.332077   0.680982   0.446447
      0.39   0.295658   0.694737   0.414793
       0.4   0.273043   0.707824   0.394073
      0.41   0.225611   0.714939   0.342986
      0.42   0.196681   0.738806    0.31066
      0.43   0.178178   0.748945    0.28787
      0.44   0.159969   0.765306   0.264624
      0.45   0.146263   0.773256   0.245995
      0.46    0.12683    0.78169   0.218248
      0.47   0.107837   0.779661   0.189468
      0.48  0.0883058   0.762162   0.158274
      0.49  0.0752851    0.75625   0.136938
       0.5   0.065593   0.737705   0.120474
      0.51  0.0463557   0.728261  0.0871632
      0.52  0.0373489   0.696203  0.0708945
      0.53  0.0327476   0.666667  0.0624286
      0.54  0.0269225   0.630435  0.0516398
      0.55   0.023545   0.677419  0.0455082
      0.56  0.0139508   0.611111  0.0272788
      0.57 0.00885995   0.666667  0.0174875
      0.58 0.00719565        0.5  0.0141871
      0.59  0.0023496        0.5 0.00467722
       0.6          0          0          0
      0.61          0          0          0
      0.62          0          0          0
      0.63          0          0          0
      0.64          0          0          0
      0.65          0          0          0
      0.66          0          0          0
      0.67          0          0          0
      0.68          0          0          0
      0.69          0          0          0
       0.7          0          0          0
      0.71          0          0          0
      0.72          0          0          0
      0.73          0          0          0
      0.74          0          0          0
      0.75          0          0          0
      0.76          0          0          0
      0.77          0          0          0
      0.78          0          0          0
      0.79          0          0          0
       0.8          0          0          0
      0.81          0          0          0
      0.82          0          0          0
      0.83          0          0          0
      0.84          0          0          0
      0.85          0          0          0
      0.86          0          0          0
      0.87          0          0          0
      0.88          0          0          0
      0.89          0          0          0
       0.9          0          0          0
      0.91          0          0          0
      0.92          0          0          0
      0.93          0          0          0
      0.94          0          0          0
      0.95          0          0          0
      0.96          0          0          0
      0.97          0          0          0
      0.98          0          0          0
      0.99          0          0          0
