         0          1    0.28722   0.446264
      0.01   0.894379   0.383288   0.536611
      0.02   0.894379   0.383288   0.536611
      0.03   0.894379   0.383333   0.536655
      0.04   0.894379   0.383514   0.536832
      0.05   0.894379   0.383591   0.536907
      0.06   0.894175   0.384261   0.537526
      0.07   0.893767   0.384661   0.537844
      0.08   0.893154   0.385468   0.538521
      0.09   0.892031   0.386248   0.539077
       0.1   0.890653   0.388146   0.540669
      0.11   0.886773   0.390843   0.542556
      0.12    0.88029   0.392838   0.543247
      0.13   0.866813   0.395574   0.543239
      0.14   0.856756   0.399925   0.545307
      0.15   0.836745   0.403543    0.54449
      0.16   0.820665   0.404359   0.541774
      0.17   0.793609   0.406502   0.537623
      0.18    0.78248   0.408073   0.536404
      0.19   0.751034   0.409444   0.529965
       0.2   0.733218   0.409543   0.525542
      0.21   0.706162    0.40828    0.51741
      0.22   0.679667   0.407136   0.509231
      0.23   0.652458   0.404527   0.499414
      0.24   0.608147   0.403843   0.485372
      0.25   0.583287     0.4064   0.479036
      0.26   0.542856   0.407588   0.465596
      0.27   0.514728   0.410233   0.456578
      0.28   0.474399   0.414044   0.442171
      0.29   0.445148   0.414366   0.429206
       0.3   0.402675   0.418239   0.410309
      0.31   0.349125   0.421601   0.381955
      0.32   0.316657   0.426253   0.363371
      0.33   0.272296   0.454006    0.34042
      0.34   0.250651    0.46789   0.326431
      0.35   0.207617   0.498584   0.293158
      0.36   0.189137   0.533258   0.279234
      0.37   0.165654    0.58237   0.257938
      0.38    0.15233   0.611993   0.243942
      0.39    0.13528   0.657471    0.22439
       0.4   0.126602   0.688571   0.213879
      0.41   0.102864   0.768908   0.181453
      0.42  0.0818827   0.813665   0.148792
      0.43  0.0627903   0.830189    0.11675
      0.44  0.0474756   0.884615   0.090115
      0.45  0.0304252     0.9375  0.0589377
      0.46  0.0188882          1   0.037076
      0.47  0.0055133          1  0.0109661
      0.48          0          0          0
      0.49          0          0          0
       0.5          0          0          0
      0.51          0          0          0
      0.52          0          0          0
      0.53          0          0          0
      0.54          0          0          0
      0.55          0          0          0
      0.56          0          0          0
      0.57          0          0          0
      0.58          0          0          0
      0.59          0          0          0
       0.6          0          0          0
      0.61          0          0          0
      0.62          0          0          0
      0.63          0          0          0
      0.64          0          0          0
      0.65          0          0          0
      0.66          0          0          0
      0.67          0          0          0
      0.68          0          0          0
      0.69          0          0          0
       0.7          0          0          0
      0.71          0          0          0
      0.72          0          0          0
      0.73          0          0          0
      0.74          0          0          0
      0.75          0          0          0
      0.76          0          0          0
      0.77          0          0          0
      0.78          0          0          0
      0.79          0          0          0
       0.8          0          0          0
      0.81          0          0          0
      0.82          0          0          0
      0.83          0          0          0
      0.84          0          0          0
      0.85          0          0          0
      0.86          0          0          0
      0.87          0          0          0
      0.88          0          0          0
      0.89          0          0          0
       0.9          0          0          0
      0.91          0          0          0
      0.92          0          0          0
      0.93          0          0          0
      0.94          0          0          0
      0.95          0          0          0
      0.96          0          0          0
      0.97          0          0          0
      0.98          0          0          0
      0.99          0          0          0
