         0          1   0.273534   0.429567
      0.01    0.97899   0.378104   0.545518
      0.02    0.97899   0.378104   0.545518
      0.03    0.97899   0.378104   0.545518
      0.04    0.97899   0.378147   0.545563
      0.05    0.97899    0.37819   0.545608
      0.06    0.97899   0.378199   0.545618
      0.07    0.97899   0.378417   0.545844
      0.08    0.97899   0.378992   0.546442
      0.09   0.977974   0.379602   0.546917
       0.1   0.977683   0.380839   0.548154
      0.11   0.977296    0.38398   0.551338
      0.12   0.976473   0.386759   0.554065
      0.13   0.974585   0.391197   0.558295
      0.14   0.974004   0.395754   0.562824
      0.15   0.971971    0.40396   0.570723
      0.16   0.971245   0.410507   0.577097
      0.17    0.96955    0.42103   0.587107
      0.18   0.965677   0.425868   0.591072
      0.19   0.959723   0.436074   0.599672
       0.2   0.957206   0.441934   0.604688
      0.21   0.953236   0.449691   0.611096
      0.22   0.940746    0.45405   0.612485
      0.23   0.930242    0.45731   0.613179
      0.24    0.90197   0.458534   0.607986
      0.25   0.876942   0.459933   0.603399
      0.26   0.828291   0.457406   0.589354
      0.27   0.791935   0.456314   0.579005
      0.28   0.726969   0.450707   0.556435
      0.29   0.668781   0.453396   0.540418
       0.3   0.577577   0.459995   0.512124
      0.31   0.491262   0.472552   0.481725
      0.32   0.463184   0.485106   0.473892
      0.33   0.411918   0.513447   0.457113
      0.34   0.374062   0.535249   0.440369
      0.35   0.362347   0.575163     0.4446
      0.36   0.354795   0.606247   0.447625
      0.37    0.33882   0.650107   0.445471
      0.38    0.32725   0.680677   0.441999
      0.39   0.315922   0.724503   0.439986
       0.4   0.311856   0.753857   0.441197
      0.41   0.297865   0.804627   0.434779
      0.42    0.28736   0.848425   0.429313
      0.43   0.278017   0.869989   0.421377
      0.44   0.266254   0.894605   0.410372
      0.45   0.249552   0.920943   0.392694
      0.46   0.239919   0.937107    0.38203
      0.47   0.234594   0.949827   0.376257
      0.48   0.214842    0.96875    0.35169
      0.49    0.20487   0.975904   0.338648
       0.5   0.176502   0.987261   0.299466
      0.51   0.140921          1    0.24703
      0.52   0.115699          1   0.207402
      0.53  0.0760033          1    0.14127
      0.54  0.0584306          1    0.11041
      0.55  0.0385826          1  0.0742985
      0.56  0.0300624          1  0.0583701
      0.57  0.0171855          1  0.0337902
      0.58  0.0154911          1  0.0305096
      0.59  0.0019848          1 0.00396174
       0.6          0          0          0
      0.61          0          0          0
      0.62          0          0          0
      0.63          0          0          0
      0.64          0          0          0
      0.65          0          0          0
      0.66          0          0          0
      0.67          0          0          0
      0.68          0          0          0
      0.69          0          0          0
       0.7          0          0          0
      0.71          0          0          0
      0.72          0          0          0
      0.73          0          0          0
      0.74          0          0          0
      0.75          0          0          0
      0.76          0          0          0
      0.77          0          0          0
      0.78          0          0          0
      0.79          0          0          0
       0.8          0          0          0
      0.81          0          0          0
      0.82          0          0          0
      0.83          0          0          0
      0.84          0          0          0
      0.85          0          0          0
      0.86          0          0          0
      0.87          0          0          0
      0.88          0          0          0
      0.89          0          0          0
       0.9          0          0          0
      0.91          0          0          0
      0.92          0          0          0
      0.93          0          0          0
      0.94          0          0          0
      0.95          0          0          0
      0.96          0          0          0
      0.97          0          0          0
      0.98          0          0          0
      0.99          0          0          0
