         0          1   0.279386    0.43675
      0.01   0.940561   0.361404   0.522169
      0.02   0.940561   0.361404   0.522168
      0.03   0.940539    0.36144   0.522202
      0.04   0.940163   0.361757   0.522475
      0.05   0.939464   0.362026   0.522647
      0.06   0.938196   0.363015   0.523481
      0.07    0.93679   0.364235   0.524528
      0.08   0.933236   0.367209   0.527039
      0.09   0.929931   0.370188   0.529566
       0.1   0.922502   0.376578   0.534831
      0.11   0.911981   0.385167   0.541596
      0.12   0.901757   0.391896   0.546352
      0.13   0.883028   0.403562   0.553955
      0.14   0.867466    0.41233   0.558968
      0.15   0.840372   0.425763   0.565184
      0.16   0.821392   0.435556   0.569255
      0.17   0.788359   0.449947   0.572911
      0.18   0.766986   0.459384   0.574608
      0.19   0.730823   0.473784    0.57488
       0.2     0.7051   0.482996   0.573288
      0.21   0.668176   0.496928   0.569967
      0.22   0.629679   0.509718   0.563384
      0.23   0.604667   0.517523   0.557711
      0.24   0.564168   0.530289   0.546704
      0.25   0.536686   0.538423   0.537553
      0.26    0.49469   0.550504   0.521107
      0.27   0.469207   0.558732   0.510071
      0.28   0.431711   0.572383   0.492193
      0.29   0.408592   0.581573   0.479972
       0.3   0.376918   0.597347   0.462196
      0.31   0.346424   0.612501   0.442548
      0.32   0.327903   0.623851   0.429864
      0.33   0.301349   0.639965   0.409752
      0.34   0.284256   0.650987    0.39572
      0.35   0.262341   0.669693   0.376999
      0.36   0.246846   0.681564   0.362429
      0.37   0.225485   0.698493   0.340916
      0.38   0.211962     0.7096   0.326421
      0.39    0.19176   0.725571   0.303348
       0.4   0.178048   0.736686   0.286784
      0.41   0.160572   0.753529   0.264732
      0.42   0.144899   0.768422   0.243821
      0.43   0.134975   0.777662   0.230026
      0.44   0.121109   0.788756   0.209977
      0.45   0.111434   0.797972   0.195559
      0.46   0.098901   0.809625   0.176269
      0.47  0.0903324   0.818744   0.162713
      0.48  0.0780222   0.836207   0.142727
      0.49  0.0694262   0.844025   0.128299
       0.5  0.0577668   0.848324   0.108168
      0.51   0.045542   0.847645  0.0864398
      0.52  0.0377606   0.845659  0.0722932
      0.53  0.0272923    0.83165  0.0528501
      0.54  0.0212785   0.816588  0.0414762
      0.55  0.0142263   0.799127   0.027955
      0.56  0.0106118   0.762579  0.0209323
      0.57 0.00567813   0.657143   0.011259
      0.58 0.00380576    0.57384 0.00756138
      0.59  0.0011045   0.360902 0.00220227
       0.6 0.000451566   0.257143 0.000901548
      0.61 0.000212561   0.217391 0.000424707
      0.62 2.03408e-05   0.233333 4.0678e-05
      0.63 1.72897e-05   0.857143 3.45786e-05
      0.64 1.52556e-05        0.8 3.05106e-05
      0.65 1.11874e-05          1 2.23746e-05
      0.66          0          0          0
      0.67          0          0          0
      0.68          0          0          0
      0.69          0          0          0
       0.7          0          0          0
      0.71          0          0          0
      0.72          0          0          0
      0.73          0          0          0
      0.74          0          0          0
      0.75          0          0          0
      0.76          0          0          0
      0.77          0          0          0
      0.78          0          0          0
      0.79          0          0          0
       0.8          0          0          0
      0.81          0          0          0
      0.82          0          0          0
      0.83          0          0          0
      0.84          0          0          0
      0.85          0          0          0
      0.86          0          0          0
      0.87          0          0          0
      0.88          0          0          0
      0.89          0          0          0
       0.9          0          0          0
      0.91          0          0          0
      0.92          0          0          0
      0.93          0          0          0
      0.94          0          0          0
      0.95          0          0          0
      0.96          0          0          0
      0.97          0          0          0
      0.98          0          0          0
      0.99          0          0          0
