    119082   0.215859   0.851722   0.748382   0.796715
     58060          0          1   0.374026   0.544424
     42049       0.23   0.960371   0.979655   0.969917
     24077       0.15   0.861842    0.54825   0.670176
     78004       0.23   0.811239   0.667472   0.732367
     45096       0.11   0.800179   0.764211   0.781781
     38092   0.226263   0.833048   0.773487   0.802163
     43074        0.2    0.48196   0.651075   0.553896
     16077       0.22   0.693159   0.543331   0.609167
     86000       0.12   0.908099   0.448681   0.600608
    101085   0.265455   0.764984   0.731925    0.74809
     89072       0.14   0.856756   0.399925   0.545307
    126007       0.14   0.892162    0.54811   0.679043
     76053       0.14   0.726971   0.603992     0.6598
     86016          0          1   0.363236   0.532903
    103070       0.16   0.636087   0.532397   0.579642
      8023   0.192929   0.790689   0.325987   0.461646
     41033   0.185455   0.710713   0.539309   0.613259
    109053   0.163939   0.696893   0.441833   0.540798
    130026        0.3   0.439897   0.393363    0.41533
    108082       0.12   0.828447   0.174368   0.288098
     69040          0          1   0.319512   0.484288
     14037       0.17   0.609835   0.737177   0.667487
     54082       0.09   0.868519   0.611129   0.717437
     62096       0.42   0.707465   0.875206   0.782447
     12084        0.2   0.837332    0.38695   0.529299
     69015       0.16   0.792431   0.822069   0.806978
     97033       0.23   0.930242    0.45731   0.613179
     19021   0.181414   0.816317   0.669219   0.735485
     86068       0.18   0.698581   0.336536   0.454244
      3096       0.16   0.718665   0.900837   0.799505
     41069       0.26   0.507716   0.403226   0.449478
     21077       0.16   0.948984    0.58688   0.725246
    108070          0          1   0.230724    0.37494
    123074       0.24   0.386784   0.442488   0.412765
     38082   0.139091   0.866601   0.487583   0.624051
     33039          0          1   0.331079    0.49746
    108005       0.14   0.878041   0.382043   0.532424
    106024       0.21   0.511195   0.753349   0.609086
    102061       0.19   0.805628   0.391894    0.52729
     37073   0.105253   0.953862   0.876549   0.913573
     65033       0.19   0.775577   0.600928   0.677173
     55073       0.19   0.798187   0.506449   0.619699
     66053   0.180505    0.68309   0.481048   0.564536
     85048       0.25   0.749688   0.601308    0.66735
     42012       0.11   0.837609   0.503859   0.629217
     87046       0.25   0.658574   0.509881   0.574767
    105025       0.23   0.686013   0.494085   0.574441
    101087       0.18   0.844268    0.78438   0.813223
     69020   0.187677   0.762151   0.577995    0.65742
