         0          1   0.296598   0.457502
      0.01   0.976592   0.537744    0.69358
      0.02   0.976553    0.53889   0.694523
      0.03   0.976075   0.543979   0.698613
      0.04   0.973686   0.565371   0.715365
      0.05   0.969825    0.58614   0.730676
      0.06   0.959076   0.623487     0.7557
      0.07   0.950279   0.649046   0.771294
      0.08   0.936624   0.691688   0.795734
      0.09   0.921457   0.715683   0.805638
       0.1    0.88949   0.747459   0.812313
      0.11   0.861505   0.779622   0.818521
      0.12   0.838137   0.801351   0.819331
      0.13   0.800836   0.836857    0.81845
      0.14    0.77289     0.8565    0.81255
      0.15   0.733479   0.878353   0.799405
      0.16   0.699642   0.887511   0.782457
      0.17   0.655732   0.892343   0.755956
      0.18   0.628065   0.894553   0.737989
      0.19    0.58965    0.89546   0.711069
       0.2    0.56879   0.895096   0.695576
      0.21   0.527189   0.892732   0.662908
      0.22   0.501513   0.889891   0.641498
      0.23   0.474204   0.887935   0.618237
      0.24   0.448487   0.883117   0.594871
      0.25   0.428941   0.879146    0.57657
      0.26    0.41258   0.871981   0.560132
      0.27   0.395939   0.867217   0.543663
      0.28   0.372492   0.858127   0.519487
      0.29   0.356728   0.850616   0.502654
       0.3   0.341123   0.840681   0.485318
      0.31     0.3209   0.830453    0.46292
      0.32   0.308161   0.823176   0.448444
      0.33    0.29172   0.812557   0.429311
      0.34   0.279896   0.802493   0.415035
      0.35   0.268113   0.791498   0.400545
      0.36   0.261903   0.784519   0.392705
      0.37   0.249761   0.772627   0.377493
      0.38   0.244785   0.764032   0.370778
      0.39    0.22699   0.751807   0.348699
       0.4   0.223447   0.742178   0.343483
      0.41   0.208718   0.722372   0.323862
      0.42   0.198049    0.70697   0.309419
      0.43   0.190884   0.695266   0.299532
      0.44   0.178583   0.671451   0.282129
      0.45   0.171775   0.661741    0.27275
      0.46   0.157484   0.636042   0.252459
      0.47   0.149721   0.614232   0.240757
      0.48   0.137739   0.589641   0.223312
      0.49   0.128344   0.564482   0.209137
       0.5   0.111226   0.522042   0.183381
      0.51  0.0948646    0.47449   0.158117
      0.52  0.0865446   0.447721   0.145051
      0.53  0.0761146   0.408046   0.128297
      0.54  0.0708997    0.38253   0.119627
      0.55  0.0640525   0.339934   0.107794
      0.56   0.058121   0.322581  0.0984956
      0.57  0.0494427      0.284  0.0842227
      0.58    0.04375   0.255319  0.0746999
      0.59   0.039172   0.203704  0.0657083
       0.6  0.0345143   0.185714  0.0582105
      0.61  0.0215366   0.132653  0.0370569
      0.62  0.0161624  0.0983607  0.0277629
      0.63  0.0156449  0.0898876  0.0266512
      0.64 0.00832006  0.0658683   0.014774
      0.65 0.00788217  0.0617284  0.0139793
      0.66 0.00708599  0.0580645  0.0126306
      0.67 0.00708599  0.0584416  0.0126395
      0.68 0.00469745  0.0405405 0.00841935
      0.69 0.00262739  0.0359712 0.00489709
       0.7 0.00238854  0.0298507 0.00442315
      0.71 0.00238854  0.0300752 0.00442559
      0.72 0.00207006  0.0230769 0.00379932
      0.73          0          0          0
      0.74          0          0          0
      0.75          0          0          0
      0.76          0          0          0
      0.77          0          0          0
      0.78          0          0          0
      0.79          0          0          0
       0.8          0          0          0
      0.81          0          0          0
      0.82          0          0          0
      0.83          0          0          0
      0.84          0          0          0
      0.85          0          0          0
      0.86          0          0          0
      0.87          0          0          0
      0.88          0          0          0
      0.89          0          0          0
       0.9          0          0          0
      0.91          0          0          0
      0.92          0          0          0
      0.93          0          0          0
      0.94          0          0          0
      0.95          0          0          0
      0.96          0          0          0
      0.97          0          0          0
      0.98          0          0          0
      0.99          0          0          0
