         0          1   0.295659   0.456384
      0.01   0.993782    0.36855   0.537694
      0.02   0.993782   0.368619   0.537766
      0.03   0.993782   0.368755   0.537912
      0.04   0.993782   0.369632   0.538844
      0.05   0.993782    0.37139   0.540709
      0.06   0.993587   0.377634   0.547268
      0.07   0.993352   0.385579   0.555525
      0.08   0.990419   0.404247    0.57415
      0.09   0.988268   0.418928   0.588423
       0.1   0.981229   0.444796   0.612116
      0.11   0.967816   0.469708   0.632464
      0.12   0.960386   0.490555   0.649402
      0.13   0.934538   0.519009   0.667379
      0.14   0.917879   0.541884   0.681459
      0.15   0.895667   0.575394   0.700666
      0.16    0.87588   0.597283   0.710238
      0.17   0.846082   0.630461   0.722528
      0.18   0.827194    0.65168   0.729022
      0.19   0.799781   0.681624    0.73599
       0.2   0.779524    0.70101   0.738185
      0.21   0.751173   0.733303    0.74213
      0.22   0.716174   0.757645   0.736326
      0.23   0.692046   0.778055   0.732534
      0.24   0.663421   0.801325   0.725881
      0.25   0.647505   0.821857   0.724337
      0.26   0.620483   0.844589   0.715396
      0.27   0.602299   0.855726   0.706988
      0.28   0.565306   0.873226   0.686311
      0.29   0.542429    0.88434   0.672417
       0.3   0.509307   0.895592   0.649344
      0.31   0.476459   0.908556   0.625104
      0.32   0.446856   0.913633    0.60017
      0.33   0.400634    0.91653   0.557551
      0.34   0.372634   0.915119   0.529612
      0.35    0.34311   0.916251   0.499261
      0.36   0.319568   0.920086   0.474375
      0.37   0.292664   0.923451   0.444466
      0.38   0.272642   0.927711   0.421431
      0.39   0.235218   0.925532   0.375106
       0.4   0.225364   0.930533    0.36285
      0.41   0.204208   0.929476   0.334849
      0.42   0.180666    0.92986   0.302549
      0.43   0.169248   0.930283   0.286392
      0.44   0.154349   0.931373   0.264812
      0.45   0.141326   0.925729   0.245217
      0.46   0.125098   0.932722   0.220607
      0.47   0.117238   0.932039   0.208277
      0.48   0.106679   0.938182   0.191575
      0.49   0.101791   0.945312   0.183791
       0.5  0.0904114   0.943396   0.165009
      0.51  0.0801267   0.942529   0.147697
      0.52  0.0737525   0.943396    0.13681
      0.53  0.0648756   0.942446   0.121395
      0.54  0.0593618   0.945312   0.111709
      0.55  0.0491553   0.980198   0.093616
      0.56  0.0470045   0.978495  0.0897001
      0.57  0.0383623          1    0.07389
      0.58    0.03453          1  0.0667549
      0.59  0.0296809          1  0.0576507
       0.6  0.0217425          1  0.0425597
      0.61  0.0155639          1  0.0306508
      0.62  0.0137651          1  0.0271563
      0.63  0.0127874          1  0.0252519
      0.64  0.0123573          1  0.0244129
      0.65  0.0113796          1  0.0225032
      0.66 0.00735179          1  0.0145963
      0.67 0.00656969          1  0.0130536
      0.68 0.00437979          1 0.00872138
      0.69 0.00437979          1 0.00872138
       0.7 0.00246363          1 0.00491516
      0.71 0.00246363          1 0.00491516
      0.72 0.00195526          1  0.0039029
      0.73          0          0          0
      0.74          0          0          0
      0.75          0          0          0
      0.76          0          0          0
      0.77          0          0          0
      0.78          0          0          0
      0.79          0          0          0
       0.8          0          0          0
      0.81          0          0          0
      0.82          0          0          0
      0.83          0          0          0
      0.84          0          0          0
      0.85          0          0          0
      0.86          0          0          0
      0.87          0          0          0
      0.88          0          0          0
      0.89          0          0          0
       0.9          0          0          0
      0.91          0          0          0
      0.92          0          0          0
      0.93          0          0          0
      0.94          0          0          0
      0.95          0          0          0
      0.96          0          0          0
      0.97          0          0          0
      0.98          0          0          0
      0.99          0          0          0
