         0          1   0.168956   0.289072
      0.01   0.943633   0.286624   0.439693
      0.02   0.943633   0.286785   0.439883
      0.03   0.943633   0.287944   0.441245
      0.04   0.942484   0.297461   0.452201
      0.05   0.940187   0.310064   0.466335
      0.06   0.934854   0.329713   0.487493
      0.07   0.930177   0.339678   0.497632
      0.08    0.91746   0.351053   0.507802
      0.09   0.908188   0.359347   0.514944
       0.1   0.892107   0.366654   0.519709
      0.11   0.866098   0.373181   0.521611
      0.12   0.845586    0.37588   0.520422
      0.13   0.820971   0.382492   0.521852
      0.14   0.802429   0.385378   0.520688
      0.15    0.77445   0.392654   0.521103
      0.16   0.760092   0.397093   0.521658
      0.17   0.738021   0.402217   0.520671
      0.18   0.725304   0.401998   0.517289
      0.19   0.680423   0.399031   0.503051
       0.2   0.666475   0.400103   0.500027
      0.21   0.630374   0.399888   0.489349
      0.22   0.594109   0.392247   0.472522
      0.23   0.577207   0.388527   0.464435
      0.24   0.548654   0.385334   0.452715
      0.25   0.515753   0.381635   0.438672
      0.26     0.4904   0.380952   0.428803
      0.27   0.456679   0.373315    0.41081
      0.28   0.428044   0.373975   0.399187
      0.29   0.403348   0.372441   0.387278
       0.3   0.375369   0.364831   0.370025
      0.31   0.343042   0.363112   0.352792
      0.32   0.316623   0.358713   0.336356
      0.33   0.283558       0.35   0.313295
      0.34     0.2564   0.340909   0.292676
      0.35    0.21554   0.330108   0.260796
      0.36   0.206104   0.324766   0.252173
      0.37   0.186085   0.319843   0.235282
      0.38   0.165983   0.297533    0.21309
      0.39   0.150394   0.278418   0.195295
       0.4   0.144815     0.2693   0.188347
      0.41   0.130702   0.259794    0.17391
      0.42   0.109452    0.23445   0.149234
      0.43  0.0886938   0.215789   0.125716
      0.44  0.0767148   0.205607   0.111739
      0.45  0.0592386   0.202797   0.091693
      0.46  0.0488185   0.187755   0.077489
      0.47  0.0422547   0.193548  0.0693657
      0.48  0.0327371   0.191257  0.0559051
      0.49  0.0278142   0.195122  0.0486881
       0.5  0.0235478   0.218045  0.0425052
      0.51  0.0157532    0.22549   0.029449
      0.52  0.0157532   0.264368  0.0297346
      0.53  0.0152609   0.305556  0.0290699
      0.54  0.0148507    0.33871  0.0284538
      0.55 0.00951756   0.361702  0.0185471
      0.56 0.00951756        0.4  0.0185927
      0.57 0.00951756   0.387097  0.0185783
      0.58 0.00910732   0.407407  0.0178164
      0.59 0.00623564   0.409091   0.012284
       0.6 0.00623564   0.428571  0.0122924
      0.61  0.0058254   0.533333  0.0115249
      0.62  0.0058254   0.888889  0.0115749
      0.63  0.0058254   0.888889  0.0115749
      0.64 0.00541516          1   0.010772
      0.65          0          0          0
      0.66          0          0          0
      0.67          0          0          0
      0.68          0          0          0
      0.69          0          0          0
       0.7          0          0          0
      0.71          0          0          0
      0.72          0          0          0
      0.73          0          0          0
      0.74          0          0          0
      0.75          0          0          0
      0.76          0          0          0
      0.77          0          0          0
      0.78          0          0          0
      0.79          0          0          0
       0.8          0          0          0
      0.81          0          0          0
      0.82          0          0          0
      0.83          0          0          0
      0.84          0          0          0
      0.85          0          0          0
      0.86          0          0          0
      0.87          0          0          0
      0.88          0          0          0
      0.89          0          0          0
       0.9          0          0          0
      0.91          0          0          0
      0.92          0          0          0
      0.93          0          0          0
      0.94          0          0          0
      0.95          0          0          0
      0.96          0          0          0
      0.97          0          0          0
      0.98          0          0          0
      0.99          0          0          0
