         0          1   0.337394   0.504555
      0.01   0.901288    0.38876   0.543212
      0.02   0.901245   0.388983   0.543422
      0.03   0.900347   0.390546   0.544781
      0.04   0.887467      0.396   0.547637
      0.05   0.873005   0.407357   0.555507
      0.06   0.835737   0.430162   0.567979
      0.07   0.797356    0.44534    0.57149
      0.08   0.747251   0.475814   0.581412
      0.09   0.711437   0.501246   0.588126
       0.1   0.654657   0.540435   0.592088
      0.11   0.603526   0.572367   0.587534
      0.12    0.56844   0.604419   0.585878
      0.13   0.516324   0.645861   0.573873
      0.14   0.496256    0.66778   0.569381
      0.15   0.453639    0.70239   0.551252
      0.16   0.431475   0.725405     0.5411
      0.17   0.407984    0.74955   0.528372
      0.18   0.394677   0.769155    0.52167
      0.19   0.366394   0.785471   0.499697
       0.2   0.353301   0.804984   0.491074
      0.21   0.335116   0.832973   0.477948
      0.22   0.303667   0.846154   0.446937
      0.23   0.282316    0.85779   0.424816
      0.24   0.251294   0.873444   0.390298
      0.25   0.240555   0.884529   0.378243
      0.26   0.230799   0.905006     0.3678
      0.27   0.220487   0.917135   0.355507
      0.28   0.198622   0.921222   0.326787
      0.29   0.186428   0.932743   0.310746
       0.3   0.177185   0.935167   0.297923
      0.31   0.154422   0.949657   0.265648
      0.32    0.14702   0.972292   0.255418
      0.33   0.126653   0.974212   0.224163
      0.34   0.118009   0.975078   0.210538
      0.35   0.103119   0.975177   0.186516
      0.36  0.0952462   0.976834   0.173569
      0.37  0.0897694   0.978992   0.164459
      0.38  0.0860468   0.977578   0.158171
      0.39   0.079757    0.97549   0.147458
       0.4  0.0771041   0.973822   0.142894
      0.41  0.0737238   0.971429   0.137047
      0.42  0.0677335   0.966667   0.126597
      0.43  0.0600745   0.963235   0.113095
      0.44  0.0517308    0.95614  0.0981512
      0.45  0.0459544       0.95   0.087668
      0.46  0.0419323   0.939759  0.0802824
      0.47  0.0361131   0.933333  0.0695357
      0.48  0.0276411   0.919355  0.0536686
      0.49  0.0270848   0.915254  0.0526127
       0.5  0.0234907     0.9375  0.0458329
      0.51  0.0181421          1  0.0356377
      0.52  0.0177143          1  0.0348119
      0.53  0.0146763          1  0.0289281
      0.54  0.0130504          1  0.0257645
      0.55  0.0119807          1  0.0236776
      0.56 0.00877155          1  0.0173906
      0.57          0          0          0
      0.58          0          0          0
      0.59          0          0          0
       0.6          0          0          0
      0.61          0          0          0
      0.62          0          0          0
      0.63          0          0          0
      0.64          0          0          0
      0.65          0          0          0
      0.66          0          0          0
      0.67          0          0          0
      0.68          0          0          0
      0.69          0          0          0
       0.7          0          0          0
      0.71          0          0          0
      0.72          0          0          0
      0.73          0          0          0
      0.74          0          0          0
      0.75          0          0          0
      0.76          0          0          0
      0.77          0          0          0
      0.78          0          0          0
      0.79          0          0          0
       0.8          0          0          0
      0.81          0          0          0
      0.82          0          0          0
      0.83          0          0          0
      0.84          0          0          0
      0.85          0          0          0
      0.86          0          0          0
      0.87          0          0          0
      0.88          0          0          0
      0.89          0          0          0
       0.9          0          0          0
      0.91          0          0          0
      0.92          0          0          0
      0.93          0          0          0
      0.94          0          0          0
      0.95          0          0          0
      0.96          0          0          0
      0.97          0          0          0
      0.98          0          0          0
      0.99          0          0          0
