         0          1   0.223995   0.366006
      0.01   0.957568   0.275485   0.427873
      0.02   0.957568   0.275465    0.42785
      0.03   0.957568   0.275806   0.428261
      0.04   0.957116   0.277108   0.429784
      0.05   0.955826   0.279732     0.4328
      0.06   0.951828   0.288412   0.442687
      0.07   0.948733   0.297589   0.453065
      0.08   0.933578   0.315023   0.471085
      0.09   0.918037   0.330123   0.485619
       0.1   0.888889   0.353256   0.505586
      0.11   0.863674   0.383562    0.53121
      0.12    0.84478   0.400442   0.543333
      0.13   0.801767   0.424227   0.554866
      0.14   0.771716    0.44005   0.560494
      0.15    0.73541   0.465112   0.569832
      0.16   0.711808   0.478723   0.572449
      0.17   0.670987   0.503253    0.57514
      0.18   0.645773   0.518083   0.574924
      0.19   0.618366   0.539463   0.576226
       0.2   0.600116   0.552693   0.575429
      0.21   0.567744   0.571623   0.569676
      0.22   0.531437   0.592955   0.560513
      0.23   0.517573   0.606034   0.558321
      0.24     0.4783   0.622566    0.54098
      0.25   0.458309   0.636114   0.532768
      0.26   0.423422   0.658147   0.515314
      0.27   0.407945   0.667827   0.506495
      0.28   0.367382   0.674002   0.475552
      0.29   0.341072   0.681329   0.454581
       0.3   0.308506   0.693703    0.42708
      0.31   0.280003   0.699495    0.39992
      0.32   0.268911   0.698347     0.3883
      0.33   0.237312   0.694042   0.353688
      0.34   0.214097   0.697417   0.327619
      0.35   0.189721   0.707792   0.299233
      0.36   0.175792   0.718447   0.282468
      0.37   0.147933   0.724432   0.245694
      0.38    0.14084   0.737342   0.236505
      0.39    0.11311   0.732075   0.195946
       0.4   0.103889       0.75   0.182498
      0.41  0.0815116   0.764706    0.14732
      0.42  0.0697749     0.7875   0.128192
      0.43  0.0660992   0.795775    0.12206
      0.44  0.0632618     0.8125   0.117384
      0.45  0.0538466   0.822034   0.101073
      0.46  0.0434642       0.83  0.0826029
      0.47   0.042239   0.824176  0.0803596
      0.48   0.037209   0.864865  0.0713484
      0.49  0.0312762   0.901639  0.0604553
       0.5  0.0266331   0.883721  0.0517079
      0.51  0.0252144   0.944444  0.0491175
      0.52  0.0252144   0.941176  0.0491131
      0.53  0.0226349   0.925926  0.0441896
      0.54  0.0216676       0.96  0.0423788
      0.55  0.0191526   0.947368  0.0375462
      0.56  0.0177339   0.941176  0.0348119
      0.57  0.0137357   0.916667  0.0270659
      0.58 0.00780293        0.9  0.0154717
      0.59 0.00760947      0.875  0.0150877
       0.6 0.00457858   0.833333 0.00910712
      0.61 0.00457858          1 0.00911542
      0.62 0.00425614          1 0.00847621
      0.63 0.00425614          1 0.00847621
      0.64 0.00425614          1 0.00847621
      0.65 0.00386922          1 0.00770861
      0.66          0          0          0
      0.67          0          0          0
      0.68          0          0          0
      0.69          0          0          0
       0.7          0          0          0
      0.71          0          0          0
      0.72          0          0          0
      0.73          0          0          0
      0.74          0          0          0
      0.75          0          0          0
      0.76          0          0          0
      0.77          0          0          0
      0.78          0          0          0
      0.79          0          0          0
       0.8          0          0          0
      0.81          0          0          0
      0.82          0          0          0
      0.83          0          0          0
      0.84          0          0          0
      0.85          0          0          0
      0.86          0          0          0
      0.87          0          0          0
      0.88          0          0          0
      0.89          0          0          0
       0.9          0          0          0
      0.91          0          0          0
      0.92          0          0          0
      0.93          0          0          0
      0.94          0          0          0
      0.95          0          0          0
      0.96          0          0          0
      0.97          0          0          0
      0.98          0          0          0
      0.99          0          0          0
