         0          1   0.193017   0.323578
      0.01   0.945998   0.269877    0.41995
      0.02   0.943632    0.27034   0.420276
      0.03   0.939142   0.273853   0.424052
      0.04   0.902919   0.283051   0.430993
      0.05   0.862751   0.293147   0.437604
      0.06   0.823433   0.323303   0.464306
      0.07   0.799587   0.343145   0.480208
      0.08   0.761301   0.376876   0.504167
      0.09   0.728111   0.393913   0.511241
       0.1   0.672107   0.428761   0.523538
      0.11    0.63558   0.461862   0.534972
      0.12   0.595049   0.483101   0.533263
      0.13   0.561192   0.523705   0.541801
      0.14   0.544263   0.550025   0.547129
      0.15   0.523148   0.597023    0.55765
      0.16   0.515988   0.620754   0.563543
      0.17   0.493841   0.690494   0.575841
      0.18   0.476427   0.724719   0.574911
      0.19   0.455494   0.767631   0.571735
       0.2   0.449851   0.795898   0.574812
      0.21   0.431467   0.831726   0.568182
      0.22    0.41563   0.849885   0.558251
      0.23   0.399187   0.861557   0.545586
      0.24   0.380013   0.881016   0.530991
      0.25   0.367514   0.897616   0.521506
      0.26   0.343304   0.905405   0.497841
      0.27   0.323099   0.907524    0.47654
      0.28    0.30696   0.929054   0.461454
      0.29   0.303622   0.940754    0.45908
       0.3   0.284449   0.953488   0.438178
      0.31   0.267156   0.950959   0.417127
      0.32   0.252351   0.948546   0.398646
      0.33   0.240216   0.947991   0.383305
      0.34    0.23882   0.948905     0.3816
      0.35   0.223834      0.944   0.361865
      0.36   0.213883   0.943343   0.348704
      0.37    0.20466   0.940299   0.336154
      0.38   0.196469   0.938462   0.324916
      0.39   0.184333   0.934426   0.307923
       0.4   0.177174   0.935374   0.297917
      0.41   0.171774   0.931034   0.290036
      0.42   0.160063    0.92437   0.272875
      0.43    0.15527   0.923767   0.265854
      0.44   0.145137   0.913706   0.250485
      0.45   0.130514   0.906593   0.228179
      0.46   0.121898   0.907407   0.214924
      0.47    0.11674   0.898649   0.206637
      0.48   0.111947   0.884615   0.198743
      0.49   0.106183   0.886957    0.18966
       0.5  0.0803956   0.929412    0.14799
      0.51  0.0706875   0.929577   0.131384
      0.52  0.0668649     0.9375   0.124827
      0.53  0.0592804   0.941176   0.111536
      0.54  0.0498756   0.921053  0.0946271
      0.55  0.0435653   0.896552   0.083093
      0.56  0.0393787       0.88   0.075384
      0.57   0.014987   0.666667  0.0293149
      0.58 0.00588557        0.4  0.0116004
      0.59 0.00382258       0.25 0.00753003
       0.6          0          0          0
      0.61          0          0          0
      0.62          0          0          0
      0.63          0          0          0
      0.64          0          0          0
      0.65          0          0          0
      0.66          0          0          0
      0.67          0          0          0
      0.68          0          0          0
      0.69          0          0          0
       0.7          0          0          0
      0.71          0          0          0
      0.72          0          0          0
      0.73          0          0          0
      0.74          0          0          0
      0.75          0          0          0
      0.76          0          0          0
      0.77          0          0          0
      0.78          0          0          0
      0.79          0          0          0
       0.8          0          0          0
      0.81          0          0          0
      0.82          0          0          0
      0.83          0          0          0
      0.84          0          0          0
      0.85          0          0          0
      0.86          0          0          0
      0.87          0          0          0
      0.88          0          0          0
      0.89          0          0          0
       0.9          0          0          0
      0.91          0          0          0
      0.92          0          0          0
      0.93          0          0          0
      0.94          0          0          0
      0.95          0          0          0
      0.96          0          0          0
      0.97          0          0          0
      0.98          0          0          0
      0.99          0          0          0
