         0          1   0.150167   0.261123
      0.01   0.868868   0.167645   0.281061
      0.02   0.868868    0.16768    0.28111
      0.03   0.868868   0.167788   0.281261
      0.04    0.86735   0.168495   0.282174
      0.05   0.865547   0.169049   0.282854
      0.06   0.845431   0.172546     0.2866
      0.07   0.816681   0.174677   0.287799
      0.08   0.777778   0.178765   0.290713
      0.09   0.749407   0.179581   0.289733
       0.1   0.682038   0.179647   0.284387
      0.11   0.612013   0.178219   0.276051
      0.12   0.579182   0.176592    0.27066
      0.13   0.532973   0.178175   0.267068
      0.14   0.485909   0.172771   0.254907
      0.15   0.437043   0.170609   0.245415
      0.16   0.403738   0.169735   0.238995
      0.17   0.372806   0.170562   0.234046
      0.18    0.35677   0.170164   0.230425
      0.19   0.302306   0.162474   0.211355
       0.2   0.284657   0.158847   0.203907
      0.21   0.251067   0.152188   0.189505
      0.22    0.24025   0.153661   0.187439
      0.23   0.226207    0.14978   0.180226
      0.24   0.200019   0.148665    0.17056
      0.25   0.189582    0.14711   0.165667
      0.26   0.175823   0.145892   0.159465
      0.27   0.170984   0.147624   0.158448
      0.28   0.155423   0.142543   0.148704
      0.29   0.150014   0.142022   0.145909
       0.3    0.13303   0.139429   0.136154
      0.31   0.132081   0.142653   0.137164
      0.32   0.126672   0.141531    0.13369
      0.33   0.116804   0.134783   0.125151
      0.34   0.111491   0.135161    0.12219
      0.35     0.1039   0.131635   0.116134
      0.36  0.0959294   0.128176   0.109733
      0.37  0.0852073    0.12253   0.100516
      0.38  0.0762881    0.11731  0.0924531
      0.39  0.0707847   0.115512   0.087779
       0.4  0.0667046   0.115183  0.0844834
      0.41  0.0579751    0.11332  0.0767067
      0.42  0.0568365   0.126147   0.078365
      0.43  0.0550337   0.129771    0.07729
      0.44  0.0473479   0.137427  0.0704304
      0.45  0.0410855   0.136364  0.0631456
      0.46  0.0315969   0.148855  0.0521287
      0.47   0.031502   0.154506  0.0523338
      0.48  0.0295094      0.165   0.050065
      0.49   0.028181   0.182857  0.0488358
       0.5  0.0277066   0.218978  0.0491894
      0.51  0.0256191   0.257143  0.0465959
      0.52  0.0247652   0.255556  0.0451545
      0.53  0.0204953   0.268657  0.0380852
      0.54  0.0198311   0.275862  0.0370022
      0.55  0.0178385   0.276596  0.0335155
      0.56  0.0178385   0.351351  0.0339532
      0.57  0.0167948   0.344828  0.0320295
      0.58 0.00958345       0.25  0.0184593
      0.59 0.00778062   0.214286   0.015016
       0.6 0.00778062   0.230769  0.0150537
      0.61          0          0          0
      0.62          0          0          0
      0.63          0          0          0
      0.64          0          0          0
      0.65          0          0          0
      0.66          0          0          0
      0.67          0          0          0
      0.68          0          0          0
      0.69          0          0          0
       0.7          0          0          0
      0.71          0          0          0
      0.72          0          0          0
      0.73          0          0          0
      0.74          0          0          0
      0.75          0          0          0
      0.76          0          0          0
      0.77          0          0          0
      0.78          0          0          0
      0.79          0          0          0
       0.8          0          0          0
      0.81          0          0          0
      0.82          0          0          0
      0.83          0          0          0
      0.84          0          0          0
      0.85          0          0          0
      0.86          0          0          0
      0.87          0          0          0
      0.88          0          0          0
      0.89          0          0          0
       0.9          0          0          0
      0.91          0          0          0
      0.92          0          0          0
      0.93          0          0          0
      0.94          0          0          0
      0.95          0          0          0
      0.96          0          0          0
      0.97          0          0          0
      0.98          0          0          0
      0.99          0          0          0
