         0          1   0.282356    0.44037
      0.01   0.927984   0.352542   0.510967
      0.02   0.927815   0.352545   0.510944
      0.03   0.927815   0.352395   0.510787
      0.04   0.926858   0.353395   0.511691
      0.05   0.924324   0.354704   0.512673
      0.06   0.915935   0.360358   0.517223
      0.07   0.899831   0.365543   0.519889
      0.08   0.886261   0.375545   0.527546
      0.09   0.855968   0.383586   0.529767
       0.1   0.818581   0.390341   0.528613
      0.11   0.762387   0.394722   0.520143
      0.12   0.734178   0.395198   0.513816
      0.13   0.698986   0.397129   0.506494
      0.14   0.666441   0.396021   0.496817
      0.15   0.619876   0.394892   0.482443
      0.16    0.58964   0.394586   0.472785
      0.17   0.546622   0.395736   0.459099
      0.18   0.521002    0.39803   0.451289
      0.19   0.477083   0.406191   0.438792
       0.2   0.443975   0.413093   0.427978
      0.21   0.415541    0.42343   0.419448
      0.22   0.373818   0.435261   0.402206
      0.23   0.355518   0.443408   0.394629
      0.24   0.322579   0.457257   0.378288
      0.25   0.310135   0.468094   0.373084
      0.26   0.289077   0.481702    0.36132
      0.27   0.278435   0.485316   0.353856
      0.28    0.25473   0.484087   0.333808
      0.29   0.239583   0.490942   0.322019
       0.3   0.227196   0.500684   0.312561
      0.31    0.21616    0.51668   0.304802
      0.32   0.208727   0.518267   0.297599
      0.33   0.193131   0.524733   0.282343
      0.34   0.180631   0.525988   0.268913
      0.35   0.169426   0.531616   0.256959
      0.36   0.160191   0.541026   0.247192
      0.37   0.146959   0.554896   0.232376
      0.38   0.139865   0.573311    0.22487
      0.39   0.127309   0.592179   0.209564
       0.4   0.121453   0.616327   0.202918
      0.41   0.108559   0.628842   0.185154
      0.42   0.102196   0.649596   0.176608
      0.43  0.0958333   0.668639    0.16764
      0.44  0.0916104   0.694805   0.161877
      0.45  0.0844032   0.703971   0.150734
      0.46  0.0796171    0.72103     0.1434
      0.47  0.0746059   0.731707   0.135406
      0.48  0.0711149   0.760234   0.130063
      0.49  0.0655405   0.753425   0.120591
       0.5  0.0582207   0.765217   0.108209
      0.51  0.0469595    0.76087  0.0884594
      0.52  0.0412162   0.768293  0.0782354
      0.53  0.0272523   0.753846  0.0526029
      0.54  0.0253941   0.754386  0.0491343
      0.55      0.025   0.886364  0.0486284
      0.56  0.0247748        0.9  0.0482221
      0.57  0.0211149        0.9  0.0412617
      0.58  0.0165541   0.884615  0.0324999
      0.59  0.0138514   0.869565  0.0272683
       0.6  0.0126126   0.833333  0.0248491
      0.61  0.0121059   0.928571  0.0239001
      0.62 0.00754505   0.857143  0.0149584
      0.63 0.00337838       0.75 0.00672646
      0.64          0          0          0
      0.65          0          0          0
      0.66          0          0          0
      0.67          0          0          0
      0.68          0          0          0
      0.69          0          0          0
       0.7          0          0          0
      0.71          0          0          0
      0.72          0          0          0
      0.73          0          0          0
      0.74          0          0          0
      0.75          0          0          0
      0.76          0          0          0
      0.77          0          0          0
      0.78          0          0          0
      0.79          0          0          0
       0.8          0          0          0
      0.81          0          0          0
      0.82          0          0          0
      0.83          0          0          0
      0.84          0          0          0
      0.85          0          0          0
      0.86          0          0          0
      0.87          0          0          0
      0.88          0          0          0
      0.89          0          0          0
       0.9          0          0          0
      0.91          0          0          0
      0.92          0          0          0
      0.93          0          0          0
      0.94          0          0          0
      0.95          0          0          0
      0.96          0          0          0
      0.97          0          0          0
      0.98          0          0          0
      0.99          0          0          0
