         0          1   0.230724    0.37494
      0.01   0.802674   0.212573   0.336129
      0.02   0.802674   0.212503   0.336041
      0.03    0.80242   0.212544   0.336071
      0.04   0.799205   0.212605   0.335863
      0.05   0.795905   0.213388   0.336546
      0.06   0.784989    0.21542   0.338067
      0.07   0.768235   0.219929   0.341962
      0.08   0.732273   0.228209   0.347974
      0.09   0.701895   0.233287   0.350185
       0.1   0.666272   0.242629    0.35572
      0.11    0.62811   0.247674   0.355263
      0.12   0.593163   0.251529    0.35326
      0.13    0.55407    0.25641    0.35058
      0.14   0.512269   0.256007   0.341399
      0.15    0.46793   0.260592   0.334756
      0.16   0.436876   0.260428   0.326328
      0.17   0.398122   0.262439   0.316345
      0.18   0.364613   0.262312   0.305116
      0.19   0.323743   0.264493   0.291134
       0.2   0.311728    0.26769   0.288035
      0.21   0.296074   0.272259   0.283667
      0.22   0.272635   0.277559   0.275075
      0.23   0.266543   0.280394   0.273293
      0.24    0.24945    0.28556   0.266287
      0.25   0.233034   0.292259   0.259308
      0.26   0.213657   0.299816   0.249508
      0.27   0.206634   0.307143   0.247057
      0.28   0.187172   0.308605   0.233017
      0.29   0.173549   0.306818   0.221697
       0.3   0.155018   0.301016   0.204646
      0.31   0.135725   0.305633   0.187975
      0.32   0.125233   0.313525   0.178976
      0.33   0.112709   0.316364   0.166206
      0.34   0.103655   0.324288   0.157096
      0.35  0.0947707   0.329653   0.147218
      0.36  0.0865629   0.328014   0.136977
      0.37  0.0654087    0.32265   0.108768
      0.38  0.0632933   0.324645   0.105934
      0.39  0.0486546   0.343109   0.085224
       0.4  0.0462007   0.353333  0.0817164
      0.41  0.0401083   0.353175  0.0720359
      0.42  0.0357082   0.346734  0.0647484
      0.43  0.0327467   0.349112  0.0598769
      0.44  0.0203926    0.30597  0.0382368
      0.45  0.0201388   0.310924  0.0378274
      0.46  0.0180234    0.30303  0.0340231
      0.47  0.0170926   0.321839  0.0324612
      0.48  0.0160772   0.373134  0.0308261
      0.49  0.0153156   0.413793   0.029538
       0.5  0.0146387   0.444444  0.0283438
      0.51   0.013031   0.473684  0.0253642
      0.52   0.013031        0.6   0.025508
      0.53  0.0105771   0.555556  0.0207589
      0.54 0.00990015   0.590909   0.019474
      0.55  0.0091386   0.578947  0.0179932
      0.56 0.00905399     0.5625  0.0178211
      0.57 0.00803859   0.533333  0.0158384
      0.58 0.00634625   0.461538  0.0125203
      0.59 0.00372313      0.375 0.00737307
       0.6 0.00372313        0.5 0.00739123
      0.61 0.00313082        0.5 0.00622267
      0.62 0.00270773   0.333333 0.00537183
      0.63          0          0          0
      0.64          0          0          0
      0.65          0          0          0
      0.66          0          0          0
      0.67          0          0          0
      0.68          0          0          0
      0.69          0          0          0
       0.7          0          0          0
      0.71          0          0          0
      0.72          0          0          0
      0.73          0          0          0
      0.74          0          0          0
      0.75          0          0          0
      0.76          0          0          0
      0.77          0          0          0
      0.78          0          0          0
      0.79          0          0          0
       0.8          0          0          0
      0.81          0          0          0
      0.82          0          0          0
      0.83          0          0          0
      0.84          0          0          0
      0.85          0          0          0
      0.86          0          0          0
      0.87          0          0          0
      0.88          0          0          0
      0.89          0          0          0
       0.9          0          0          0
      0.91          0          0          0
      0.92          0          0          0
      0.93          0          0          0
      0.94          0          0          0
      0.95          0          0          0
      0.96          0          0          0
      0.97          0          0          0
      0.98          0          0          0
      0.99          0          0          0
