         0          1   0.253826   0.404882
      0.01   0.951083   0.339713   0.500614
      0.02   0.950536   0.339769   0.500599
      0.03    0.94988   0.340508   0.501309
      0.04   0.942219   0.345608   0.505718
      0.05   0.921044   0.352917   0.510301
      0.06   0.882852   0.369996   0.521455
      0.07   0.840884   0.380207   0.523647
      0.08   0.790983    0.39799   0.529538
      0.09    0.75197   0.407848   0.528858
       0.1   0.691891   0.422261    0.52445
      0.11   0.648337   0.434712   0.520456
      0.12   0.606095    0.44555   0.513568
      0.13     0.5493   0.458691   0.499923
      0.14   0.510341   0.468364   0.488452
      0.15   0.462683   0.480195   0.471277
      0.16    0.43527   0.487421   0.459872
      0.17   0.396093   0.506121   0.444398
      0.18   0.375082    0.51843   0.435257
      0.19   0.319764   0.548501   0.404003
       0.2   0.294922   0.565158   0.387586
      0.21     0.2674   0.572934   0.364623
      0.22    0.24617   0.591304    0.34762
      0.23     0.2239   0.581976   0.323386
      0.24   0.196268    0.59375   0.295017
      0.25   0.173999    0.58963   0.268703
      0.26   0.155997   0.608084   0.248296
      0.27   0.141169   0.609804   0.229263
      0.28   0.127708   0.621749   0.211894
      0.29   0.114139   0.622642   0.192914
       0.3  0.0977238   0.634228   0.169353
      0.31  0.0837163   0.634855   0.147926
      0.32  0.0722259   0.625616   0.129501
      0.33  0.0538958   0.593333  0.0988157
      0.34  0.0456336   0.564516  0.0844413
      0.35  0.0326658   0.536082  0.0615793
      0.36  0.0272489       0.52  0.0517841
      0.37  0.0250055   0.532258  0.0477669
      0.38  0.0242394   0.519231  0.0463167
      0.39   0.014281   0.485714  0.0277463
       0.4  0.0129678   0.464286  0.0252309
      0.41 0.00930182   0.473684  0.0182453
      0.42 0.00880937   0.533333  0.0173324
      0.43  0.0082622   0.538462  0.0162747
      0.44 0.00656599   0.428571  0.0129338
      0.45 0.00656599        0.5  0.0129618
      0.46 0.00383016          1 0.00763109
      0.47          0          0          0
      0.48          0          0          0
      0.49          0          0          0
       0.5          0          0          0
      0.51          0          0          0
      0.52          0          0          0
      0.53          0          0          0
      0.54          0          0          0
      0.55          0          0          0
      0.56          0          0          0
      0.57          0          0          0
      0.58          0          0          0
      0.59          0          0          0
       0.6          0          0          0
      0.61          0          0          0
      0.62          0          0          0
      0.63          0          0          0
      0.64          0          0          0
      0.65          0          0          0
      0.66          0          0          0
      0.67          0          0          0
      0.68          0          0          0
      0.69          0          0          0
       0.7          0          0          0
      0.71          0          0          0
      0.72          0          0          0
      0.73          0          0          0
      0.74          0          0          0
      0.75          0          0          0
      0.76          0          0          0
      0.77          0          0          0
      0.78          0          0          0
      0.79          0          0          0
       0.8          0          0          0
      0.81          0          0          0
      0.82          0          0          0
      0.83          0          0          0
      0.84          0          0          0
      0.85          0          0          0
      0.86          0          0          0
      0.87          0          0          0
      0.88          0          0          0
      0.89          0          0          0
       0.9          0          0          0
      0.91          0          0          0
      0.92          0          0          0
      0.93          0          0          0
      0.94          0          0          0
      0.95          0          0          0
      0.96          0          0          0
      0.97          0          0          0
      0.98          0          0          0
      0.99          0          0          0
