         0          1   0.418411   0.589971
      0.01   0.972372   0.563295   0.713347
      0.02   0.972372   0.563325   0.713372
      0.03   0.972372   0.563478   0.713495
      0.04   0.972372   0.564405   0.714237
      0.05   0.972118   0.564862   0.714534
      0.06   0.971834   0.565587   0.715037
      0.07   0.971359   0.565975   0.715219
      0.08   0.969428   0.568005   0.716311
      0.09   0.965947   0.569713   0.716712
       0.1   0.956358   0.575488   0.718574
      0.11   0.945819   0.587472   0.724771
      0.12   0.935312   0.599507   0.730674
      0.13   0.916102   0.620124   0.739601
      0.14   0.896956   0.635056    0.74362
      0.15   0.868473   0.660293   0.750208
      0.16   0.843028   0.678205   0.751688
      0.17   0.810842    0.71352   0.759074
      0.18   0.786695   0.736083   0.760548
      0.19   0.752579   0.762509   0.757512
       0.2   0.727768   0.778086   0.752086
      0.21   0.693367   0.800086   0.742913
      0.22   0.662225   0.820301   0.732836
      0.23   0.632888   0.828133   0.717465
      0.24   0.606494   0.839932   0.704376
      0.25   0.590196    0.84698   0.695648
      0.26   0.571555   0.860279   0.686807
      0.27   0.558421   0.866756   0.679235
      0.28   0.540984   0.873923   0.668281
      0.29   0.531553   0.878184   0.662253
       0.3   0.520001   0.894305   0.657623
      0.31   0.507912   0.908103   0.651457
      0.32   0.499146   0.914406    0.64578
      0.33   0.486961   0.924316   0.637871
      0.34    0.47734   0.928893   0.630618
      0.35   0.465631   0.937744   0.622275
      0.36   0.456421   0.947029   0.615974
      0.37   0.445914   0.964145   0.609798
      0.38   0.438889   0.966811   0.603717
      0.39   0.432717   0.970297   0.598517
       0.4   0.422274   0.973432   0.589028
      0.41    0.41433   0.974793   0.581498
      0.42   0.405247   0.976198   0.572736
      0.43   0.398538   0.976562   0.566064
      0.44   0.386733   0.977983   0.554282
      0.45   0.376954   0.978708   0.544277
      0.46   0.368251   0.985029   0.536087
      0.47   0.361637   0.984945   0.529032
      0.48   0.349737   0.984685    0.51615
      0.49   0.342015   0.984946   0.507726
       0.5    0.32385   0.985301   0.487475
      0.51    0.31002   0.984826   0.471586
      0.52   0.295398   0.984192   0.454409
      0.53   0.281062   0.984043    0.43724
      0.54   0.276125   0.983562   0.431196
      0.55    0.26565   0.983796   0.418338
      0.56   0.252611   0.983082    0.40194
      0.57   0.230679   0.981947   0.373594
      0.58   0.222546   0.982574   0.362898
      0.59    0.20745   0.981897   0.342532
       0.6   0.199601    0.98096   0.331708
      0.61   0.185898   0.981848   0.312608
      0.62   0.174378   0.980548   0.296099
      0.63   0.163143   0.979381   0.279695
      0.64    0.15425   0.979042   0.266511
      0.65   0.151117   0.978261   0.261794
      0.66   0.142984   0.977802   0.249485
      0.67   0.138395   0.976932   0.242444
      0.68   0.124723   0.975093   0.221158
      0.69   0.120229   0.976471   0.214097
       0.7   0.108266   0.976257   0.194917
      0.71  0.0981075   0.978328   0.178332
      0.72  0.0948478   0.977492   0.172917
      0.73  0.0868726   0.976909   0.159556
      0.74  0.0810494   0.976923   0.149681
      0.75  0.0740237   0.974249   0.137593
      0.76  0.0657953   0.973872   0.123263
      0.77  0.0565542   0.969188   0.106872
      0.78  0.0490854   0.967949  0.0934327
      0.79  0.0419963    0.96063  0.0804745
       0.8  0.0403507   0.962343  0.0774537
      0.81  0.0369644   0.960591  0.0711893
      0.82  0.0278815   0.934426  0.0541474
      0.83  0.0237357   0.930693  0.0462908
      0.84  0.0184822   0.923077  0.0362388
      0.85  0.0168365   0.926471   0.033072
      0.86  0.0152225   0.918367  0.0299485
      0.87  0.0123742   0.882353  0.0244061
      0.88 0.00857649      0.875  0.0169865
      0.89 0.00569656      0.875  0.0113194
       0.9 0.00351288   0.916667 0.00699894
      0.91 0.00129755          1 0.00259174
      0.92 0.00129755          1 0.00259174
      0.93 0.00117096          1 0.00233918
      0.94 0.000348123          1 0.000696004
      0.95 0.000316476          1 0.000632751
      0.96 0.000316476          1 0.000632751
      0.97 0.000316476          1 0.000632751
      0.98 0.000253181          1 0.000506233
      0.99          0          0          0
