         0          1   0.223412   0.365227
      0.01   0.971997   0.310533   0.470691
      0.02   0.971786   0.310541   0.470675
      0.03   0.971786   0.310724   0.470885
      0.04   0.971294   0.311559   0.471785
      0.05   0.970098   0.312399   0.472606
      0.06   0.968831   0.317695   0.478487
      0.07   0.962147   0.322473   0.483048
      0.08   0.949624   0.333514   0.493653
      0.09   0.939914   0.342331   0.501873
       0.1    0.91543    0.35329   0.509824
      0.11   0.890382   0.369041   0.521807
      0.12   0.868149   0.377375   0.526072
      0.13   0.819602   0.382145   0.521252
      0.14   0.792021   0.388366   0.521175
      0.15    0.72687   0.392881   0.510066
      0.16   0.685781   0.396085   0.502146
      0.17   0.618729     0.4013   0.486841
      0.18   0.571941   0.404521   0.473879
      0.19   0.490185   0.411497   0.447408
       0.2   0.445789   0.418265   0.431589
      0.21   0.400197   0.424968   0.412211
      0.22   0.362063   0.447087   0.400108
      0.23   0.335116   0.454916   0.385933
      0.24   0.285935   0.468473   0.355121
      0.25   0.262295   0.472081   0.337224
      0.26   0.233589   0.469545   0.311976
      0.27   0.203124   0.464664   0.282678
      0.28   0.173996   0.474304   0.254595
      0.29   0.164286   0.474265   0.244037
       0.3   0.142968   0.463453   0.218524
      0.31   0.113839   0.471774    0.18342
      0.32   0.102934   0.484634   0.169803
      0.33  0.0901991    0.48105   0.151914
      0.34  0.0821783   0.488136   0.140674
      0.35  0.0676845   0.502304   0.119294
      0.36  0.0572012   0.505618   0.102775
      0.37  0.0420038   0.535433  0.0778967
      0.38   0.035953       0.51  0.0671707
      0.39  0.0249771   0.520548  0.0476671
       0.4  0.0225146   0.566667  0.0433085
      0.41  0.0168156      0.575  0.0326756
      0.42  0.0128755   0.548387  0.0251603
      0.43  0.0109055   0.555556  0.0213911
      0.44 0.00717653   0.588235  0.0141801
      0.45 0.00583972   0.538462  0.0115541
      0.46 0.00246253      0.375 0.00489294
      0.47 0.000281432   0.333333 0.00056239
      0.48 0.000281432   0.333333 0.00056239
      0.49 0.000281432   0.333333 0.00056239
       0.5 7.03581e-05       0.25 0.000140677
      0.51          0          0          0
      0.52          0          0          0
      0.53          0          0          0
      0.54          0          0          0
      0.55          0          0          0
      0.56          0          0          0
      0.57          0          0          0
      0.58          0          0          0
      0.59          0          0          0
       0.6          0          0          0
      0.61          0          0          0
      0.62          0          0          0
      0.63          0          0          0
      0.64          0          0          0
      0.65          0          0          0
      0.66          0          0          0
      0.67          0          0          0
      0.68          0          0          0
      0.69          0          0          0
       0.7          0          0          0
      0.71          0          0          0
      0.72          0          0          0
      0.73          0          0          0
      0.74          0          0          0
      0.75          0          0          0
      0.76          0          0          0
      0.77          0          0          0
      0.78          0          0          0
      0.79          0          0          0
       0.8          0          0          0
      0.81          0          0          0
      0.82          0          0          0
      0.83          0          0          0
      0.84          0          0          0
      0.85          0          0          0
      0.86          0          0          0
      0.87          0          0          0
      0.88          0          0          0
      0.89          0          0          0
       0.9          0          0          0
      0.91          0          0          0
      0.92          0          0          0
      0.93          0          0          0
      0.94          0          0          0
      0.95          0          0          0
      0.96          0          0          0
      0.97          0          0          0
      0.98          0          0          0
      0.99          0          0          0
