         0          1   0.176689   0.300316
      0.01   0.905893   0.176487   0.295419
      0.02   0.905482   0.176484   0.295394
      0.03   0.905235   0.176766   0.295776
      0.04   0.902194   0.178314   0.297775
      0.05   0.891756   0.180143   0.299737
      0.06   0.856415   0.185841   0.305409
      0.07    0.82321     0.1918   0.311113
      0.08   0.769623   0.205514   0.324402
      0.09   0.742829   0.217124   0.336029
       0.1   0.689652   0.235493   0.351098
      0.11   0.635243   0.249659   0.358444
      0.12   0.597518   0.266719    0.36881
      0.13   0.561272   0.296196   0.387761
      0.14    0.53341     0.3129   0.394427
      0.15    0.49889   0.339638   0.404141
      0.16   0.481548   0.360961   0.412625
      0.17    0.44744   0.396199   0.420263
      0.18   0.429276   0.419234   0.424196
      0.19   0.383003   0.451403     0.4144
       0.2   0.371004   0.473118   0.415884
      0.21   0.329662   0.504065   0.398622
      0.22   0.294814   0.526016   0.377854
      0.23   0.282074    0.55709   0.374517
      0.24   0.251993   0.596899   0.354378
      0.25   0.236952    0.61606   0.342262
      0.26   0.216734   0.638607   0.323632
      0.27   0.205309    0.65008   0.312063
      0.28   0.194214   0.664165   0.300543
      0.29   0.182461   0.689507   0.288561
       0.3   0.154105   0.717333   0.253707
      0.31   0.141119   0.732704   0.236658
      0.32   0.132983   0.759857   0.226351
      0.33   0.117038    0.80543   0.204377
      0.34    0.10734   0.821622   0.189873
      0.35  0.0959152   0.821192   0.171768
      0.36  0.0881894   0.835938   0.159547
      0.37  0.0756966       0.86   0.139146
      0.38  0.0637791   0.855422   0.118707
      0.39  0.0554779   0.863636   0.104259
       0.4  0.0444645   0.877193  0.0846388
      0.41   0.040766   0.886792  0.0779487
      0.42  0.0383003      0.925   0.073555
      0.43  0.0350949   0.916667  0.0676017
      0.44  0.0335333   0.939394  0.0647551
      0.45   0.032958   0.935484  0.0636727
      0.46  0.0301636          1  0.0585607
      0.47  0.0232596          1  0.0454618
      0.48   0.016027          1  0.0315483
      0.49   0.016027          1  0.0315483
       0.5  0.0153694          1  0.0302736
      0.51  0.0144654          1  0.0285182
      0.52  0.0144654          1  0.0285182
      0.53 0.00994493          1   0.019694
      0.54 0.00994493          1   0.019694
      0.55 0.00739706          1  0.0146855
      0.56 0.00649297          1  0.0129022
      0.57 0.00649297          1  0.0129022
      0.58 0.00649297          1  0.0129022
      0.59 0.00345196          1 0.00688017
       0.6 0.00345196          1 0.00688017
      0.61 0.00345196          1 0.00688017
      0.62          0          0          0
      0.63          0          0          0
      0.64          0          0          0
      0.65          0          0          0
      0.66          0          0          0
      0.67          0          0          0
      0.68          0          0          0
      0.69          0          0          0
       0.7          0          0          0
      0.71          0          0          0
      0.72          0          0          0
      0.73          0          0          0
      0.74          0          0          0
      0.75          0          0          0
      0.76          0          0          0
      0.77          0          0          0
      0.78          0          0          0
      0.79          0          0          0
       0.8          0          0          0
      0.81          0          0          0
      0.82          0          0          0
      0.83          0          0          0
      0.84          0          0          0
      0.85          0          0          0
      0.86          0          0          0
      0.87          0          0          0
      0.88          0          0          0
      0.89          0          0          0
       0.9          0          0          0
      0.91          0          0          0
      0.92          0          0          0
      0.93          0          0          0
      0.94          0          0          0
      0.95          0          0          0
      0.96          0          0          0
      0.97          0          0          0
      0.98          0          0          0
      0.99          0          0          0
