         0          1   0.263807   0.417479
      0.01   0.968385   0.463984   0.627374
      0.02   0.968385   0.465432   0.628696
      0.03   0.968234   0.470625   0.633384
      0.04   0.963173   0.486065   0.646084
      0.05   0.957243    0.49805   0.655201
      0.06   0.940888    0.51641   0.666828
      0.07   0.929481   0.531534   0.676312
      0.08   0.901303   0.552623   0.685153
      0.09   0.869462   0.559532   0.680887
       0.1   0.836034    0.57478   0.681218
      0.11   0.793541   0.584504   0.673168
      0.12   0.763059   0.595437   0.668907
      0.13   0.707573   0.608208   0.654139
      0.14   0.680302   0.614152   0.645537
      0.15   0.604419   0.624182   0.614142
      0.16   0.570387    0.63072   0.599038
      0.17   0.528876   0.644295   0.580908
      0.18   0.480718   0.652834   0.553709
      0.19   0.421039   0.667377   0.516331
       0.2   0.370047   0.671409   0.477126
      0.21   0.291369   0.679082   0.407776
      0.22   0.239773   0.689038   0.355751
      0.23    0.22289   0.693938   0.337406
      0.24   0.216204   0.702804    0.33068
      0.25   0.209027   0.711213   0.323096
      0.26   0.199585   0.722883   0.312805
      0.27   0.192106   0.726027   0.303821
      0.28    0.18289   0.743233   0.293545
      0.29   0.177073   0.764419   0.287539
       0.3   0.170992   0.809353   0.282334
      0.31   0.163626      0.847   0.274268
      0.32   0.158263   0.873269   0.267962
      0.33   0.156223   0.900922   0.266273
      0.34   0.150708    0.90373   0.258336
      0.35   0.144325    0.90665   0.249011
      0.36   0.143267   0.915209   0.247751
      0.37   0.138093    0.92341   0.240256
      0.38   0.128801   0.927602   0.226194
      0.39   0.123286   0.945364   0.218126
       0.4    0.11966   0.948214   0.212503
      0.41   0.114674   0.949318    0.20463
      0.42   0.110028   0.958874   0.197405
      0.43   0.106893   0.965517   0.192477
      0.44   0.102285   0.969773   0.185052
      0.45    0.10085   0.975871   0.182808
      0.46  0.0918225    0.98125   0.167931
      0.47  0.0871766   0.979866   0.160109
      0.48   0.072899   0.980695    0.13571
      0.49  0.0667422   0.986607   0.125027
       0.5  0.0584325   0.984127   0.110315
      0.51  0.0520113   0.987097  0.0988159
      0.52  0.0485741   0.992647  0.0926162
      0.53  0.0372805   0.990826  0.0718572
      0.54  0.0336166          1  0.0650466
      0.55  0.0251936          1  0.0491489
      0.56  0.0204721          1  0.0401229
      0.57  0.0109537          1  0.0216701
      0.58  0.0103494          1  0.0204867
      0.59 0.00581681          1  0.0115663
       0.6 0.00460812          1 0.00917397
      0.61 0.00287063          1 0.00572483
      0.62 0.00287063          1 0.00572483
      0.63 0.00260623          1 0.00519892
      0.64 0.00260623          1 0.00519892
      0.65 0.00260623          1 0.00519892
      0.66 0.00260623          1 0.00519892
      0.67 0.00260623          1 0.00519892
      0.68 0.00260623          1 0.00519892
      0.69 0.00234183          1 0.00467272
       0.7 0.00234183          1 0.00467272
      0.71 0.00234183          1 0.00467272
      0.72 0.00207743          1 0.00414625
      0.73          0          0          0
      0.74          0          0          0
      0.75          0          0          0
      0.76          0          0          0
      0.77          0          0          0
      0.78          0          0          0
      0.79          0          0          0
       0.8          0          0          0
      0.81          0          0          0
      0.82          0          0          0
      0.83          0          0          0
      0.84          0          0          0
      0.85          0          0          0
      0.86          0          0          0
      0.87          0          0          0
      0.88          0          0          0
      0.89          0          0          0
       0.9          0          0          0
      0.91          0          0          0
      0.92          0          0          0
      0.93          0          0          0
      0.94          0          0          0
      0.95          0          0          0
      0.96          0          0          0
      0.97          0          0          0
      0.98          0          0          0
      0.99          0          0          0
