         0          1   0.181029   0.306561
      0.01   0.794485   0.197243   0.316027
      0.02   0.794485   0.197176   0.315941
      0.03   0.794485   0.197135   0.315888
      0.04   0.790931   0.197293   0.315809
      0.05   0.787592    0.19785   0.316254
      0.06   0.772189   0.199959    0.31766
      0.07   0.764003   0.202768    0.32048
      0.08   0.735997   0.208341   0.324753
      0.09   0.711116   0.211913   0.326522
       0.1   0.676863   0.219139   0.331087
      0.11   0.634963   0.226749   0.334165
      0.12   0.613206   0.232865   0.337547
      0.13   0.589293   0.246199     0.3473
      0.14   0.573567   0.254789    0.35284
      0.15   0.555579   0.268938   0.362433
      0.16   0.544593   0.280231   0.370047
      0.17   0.525636   0.300425   0.382331
      0.18   0.515295   0.313892   0.390134
      0.19   0.497199   0.335848   0.400898
       0.2   0.491168   0.350776   0.409267
      0.21   0.475765   0.371354   0.417125
      0.22   0.457992   0.390957   0.421828
      0.23   0.452391    0.40823   0.429178
      0.24   0.444636   0.431356   0.437895
      0.25   0.434834   0.448137   0.441385
      0.26   0.426325   0.469552   0.446896
      0.27   0.417492   0.484615   0.448557
      0.28   0.386579   0.494154   0.433797
      0.29   0.381947   0.506562   0.435516
       0.3    0.36062   0.521739    0.42647
      0.31   0.349526    0.53148   0.421714
      0.32   0.338863   0.546971   0.418471
      0.33   0.328199   0.556202    0.41281
      0.34   0.321521   0.564315   0.409645
      0.35   0.309349   0.576835   0.402723
      0.36   0.296747   0.583744   0.393472
      0.37   0.280267   0.588235   0.379649
      0.38   0.264433   0.608955   0.368743
      0.39   0.258509   0.635158   0.367462
       0.4   0.245907    0.65233   0.357172
      0.41   0.218871   0.670635   0.330032
      0.42   0.212624   0.686404   0.324675
      0.43   0.204869   0.690867   0.316024
      0.44   0.192266   0.707124   0.302329
      0.45   0.186773   0.727536   0.297239
      0.46   0.174601   0.734628   0.282145
      0.47   0.169862   0.749129   0.276931
      0.48   0.158229   0.761905   0.262039
      0.49   0.147458   0.778281    0.24794
       0.5   0.129578   0.797872   0.222948
      0.51   0.120099   0.801282   0.208889
      0.52   0.107712   0.821705   0.190458
      0.53  0.0944636   0.807692   0.169145
      0.54  0.0877854   0.795455   0.158121
      0.55  0.0625808   0.779412   0.115859
      0.56  0.0597803   0.803571   0.111282
      0.57    0.04567      0.775  0.0862569
      0.58  0.0317751   0.741935  0.0609403
      0.59  0.0266049       0.85  0.0515949
       0.6  0.0163723        0.8  0.0320878
      0.61   0.014218   0.818182  0.0279503
      0.62 0.00958639          1  0.0189907
      0.63 0.00549332          1  0.0109266
      0.64          0          0          0
      0.65          0          0          0
      0.66          0          0          0
      0.67          0          0          0
      0.68          0          0          0
      0.69          0          0          0
       0.7          0          0          0
      0.71          0          0          0
      0.72          0          0          0
      0.73          0          0          0
      0.74          0          0          0
      0.75          0          0          0
      0.76          0          0          0
      0.77          0          0          0
      0.78          0          0          0
      0.79          0          0          0
       0.8          0          0          0
      0.81          0          0          0
      0.82          0          0          0
      0.83          0          0          0
      0.84          0          0          0
      0.85          0          0          0
      0.86          0          0          0
      0.87          0          0          0
      0.88          0          0          0
      0.89          0          0          0
       0.9          0          0          0
      0.91          0          0          0
      0.92          0          0          0
      0.93          0          0          0
      0.94          0          0          0
      0.95          0          0          0
      0.96          0          0          0
      0.97          0          0          0
      0.98          0          0          0
      0.99          0          0          0
