         0          1   0.235879   0.381719
      0.01    0.96128   0.367468   0.531688
      0.02   0.960927   0.374601   0.539059
      0.03   0.958949   0.395301   0.559828
      0.04   0.938529   0.440354   0.599449
      0.05   0.916202   0.475739   0.626281
      0.06   0.864622   0.533562   0.659898
      0.07   0.828234   0.563037    0.67036
      0.08   0.771639   0.610522   0.681689
      0.09   0.731506    0.64545   0.685789
       0.1   0.685367   0.697806    0.69153
      0.11   0.641277   0.733829   0.684439
      0.12   0.618738   0.752342   0.679031
      0.13   0.590546   0.785514   0.674218
      0.14    0.57161   0.814701   0.671843
      0.15   0.555218   0.856078   0.673579
      0.16   0.542924    0.88183   0.672069
      0.17   0.500883    0.90696   0.645357
      0.18   0.480887    0.91811   0.631177
      0.19   0.444499   0.929443   0.601389
       0.2   0.426058   0.931797   0.584745
      0.21   0.408606   0.940997   0.569793
      0.22   0.363386   0.944056   0.524775
      0.23   0.346923   0.945137   0.507546
      0.24   0.305306   0.957507   0.462987
      0.25    0.28736   0.965625   0.442913
      0.26   0.251325   0.972777   0.399449
      0.27   0.216491   0.975855   0.354367
      0.28   0.197202   0.980477   0.328361
      0.29   0.187169   0.980952   0.314357
       0.3   0.169081    0.98645   0.288681
      0.31   0.139688   0.983389   0.244627
      0.32   0.124002   0.985075   0.220276
      0.33   0.111354   0.995516   0.200304
      0.34   0.102664          1    0.18621
      0.35   0.093761          1   0.171447
      0.36  0.0883205          1   0.162306
      0.37  0.0823147          1   0.152109
      0.38  0.0775101          1   0.143869
      0.39  0.0741892          1   0.138131
       0.4  0.0727761          1   0.135678
      0.41  0.0695966          1   0.130136
      0.42  0.0640147          1   0.120327
      0.43  0.0625309          1   0.117702
      0.44  0.0600579          1   0.113311
      0.45  0.0558892          1   0.105862
      0.46  0.0550413          1    0.10434
      0.47  0.0539108          1   0.102306
      0.48  0.0532749          1   0.101161
      0.49  0.0505193          1  0.0961797
       0.5  0.0483996          1  0.0923305
      0.51  0.0424645          1  0.0814694
      0.52  0.0368826          1  0.0711414
      0.53  0.0351869          1  0.0679817
      0.54  0.0329965          1  0.0638851
      0.55  0.0289691          1  0.0563071
      0.56  0.0211969          1  0.0415139
      0.57  0.0181587          1  0.0356697
      0.58  0.0181587          1  0.0356697
      0.59   0.013778          1  0.0271815
       0.6   0.013778          1  0.0271815
      0.61  0.0126475          1  0.0249791
      0.62  0.0116583          1  0.0230479
      0.63  0.0115876          1  0.0229098
      0.64  0.0115876          1  0.0229098
      0.65  0.0115876          1  0.0229098
      0.66 0.00996255          1  0.0197286
      0.67 0.00635908          1  0.0126378
      0.68 0.00494595          1 0.00984321
      0.69 0.00494595          1 0.00984321
       0.7 0.00494595          1 0.00984321
      0.71 0.00487529          1 0.00970328
      0.72          0          0          0
      0.73          0          0          0
      0.74          0          0          0
      0.75          0          0          0
      0.76          0          0          0
      0.77          0          0          0
      0.78          0          0          0
      0.79          0          0          0
       0.8          0          0          0
      0.81          0          0          0
      0.82          0          0          0
      0.83          0          0          0
      0.84          0          0          0
      0.85          0          0          0
      0.86          0          0          0
      0.87          0          0          0
      0.88          0          0          0
      0.89          0          0          0
       0.9          0          0          0
      0.91          0          0          0
      0.92          0          0          0
      0.93          0          0          0
      0.94          0          0          0
      0.95          0          0          0
      0.96          0          0          0
      0.97          0          0          0
      0.98          0          0          0
      0.99          0          0          0
