         0          1   0.265439    0.41952
      0.01   0.917449   0.347352   0.503918
      0.02   0.917449   0.347408   0.503976
      0.03    0.91653    0.34737   0.503798
      0.04   0.914294   0.348591   0.504741
      0.05   0.911778   0.350242   0.506083
      0.06   0.900835   0.355308   0.509614
      0.07   0.890052   0.361219   0.513883
      0.08   0.861895   0.375922   0.523511
      0.09   0.845441   0.387929   0.531829
       0.1    0.82068    0.40893   0.545865
      0.11   0.804585   0.430935    0.56126
      0.12   0.792324   0.445471     0.5703
      0.13   0.766484   0.471292   0.583688
      0.14   0.745956   0.485587   0.588248
      0.15   0.713647    0.50722   0.592982
      0.16   0.690962   0.515441   0.590433
      0.17   0.648628   0.532539   0.584879
      0.18   0.629178   0.543807   0.583386
      0.19   0.593674   0.558575    0.57559
       0.2   0.566436   0.564589   0.565511
      0.21   0.529095   0.573442   0.550377
      0.22   0.487919   0.581906   0.530784
      0.23    0.44858   0.593329     0.5109
      0.24   0.422261   0.596162   0.494364
      0.25   0.386118   0.601898   0.470445
      0.26   0.358161   0.605538   0.450099
      0.27   0.344223   0.607821    0.43953
      0.28   0.293941    0.61482    0.39773
      0.29     0.2822   0.615214   0.386919
       0.3   0.253085   0.613818   0.358398
      0.31   0.225368   0.604407   0.328316
      0.32   0.189824   0.598075   0.288181
      0.33   0.162506   0.596517   0.255428
      0.34   0.137026   0.599668   0.223078
      0.35   0.118016   0.587771   0.196565
      0.36   0.107872   0.587719   0.182286
      0.37  0.0841088   0.567123   0.146492
      0.38  0.0762411   0.562893   0.134293
      0.39  0.0681337   0.563786   0.121575
       0.4  0.0614641   0.597087   0.111455
      0.41  0.0533568   0.622093  0.0982838
      0.42  0.0504413   0.647887  0.0935957
      0.43  0.0473661      0.672  0.0884946
      0.44  0.0414154   0.676768  0.0780542
      0.45  0.0379408   0.674157  0.0718386
      0.46  0.0328288    0.69863  0.0627108
      0.47  0.0298734   0.709677  0.0573334
      0.48  0.0256001   0.693878  0.0493784
      0.49  0.0232837   0.707317  0.0450833
       0.5  0.0146971   0.642857  0.0287372
      0.51  0.0097448       0.55  0.0191503
      0.52  0.0097448   0.611111  0.0191837
      0.53  0.0024362   0.555556 0.00485113
      0.54 0.00103838        0.5 0.00207246
      0.55 0.000758816        0.5 0.00151533
      0.56 0.000758816          1 0.00151648
      0.57 0.000559128          1 0.00111763
      0.58 0.000559128          1 0.00111763
      0.59          0          0          0
       0.6          0          0          0
      0.61          0          0          0
      0.62          0          0          0
      0.63          0          0          0
      0.64          0          0          0
      0.65          0          0          0
      0.66          0          0          0
      0.67          0          0          0
      0.68          0          0          0
      0.69          0          0          0
       0.7          0          0          0
      0.71          0          0          0
      0.72          0          0          0
      0.73          0          0          0
      0.74          0          0          0
      0.75          0          0          0
      0.76          0          0          0
      0.77          0          0          0
      0.78          0          0          0
      0.79          0          0          0
       0.8          0          0          0
      0.81          0          0          0
      0.82          0          0          0
      0.83          0          0          0
      0.84          0          0          0
      0.85          0          0          0
      0.86          0          0          0
      0.87          0          0          0
      0.88          0          0          0
      0.89          0          0          0
       0.9          0          0          0
      0.91          0          0          0
      0.92          0          0          0
      0.93          0          0          0
      0.94          0          0          0
      0.95          0          0          0
      0.96          0          0          0
      0.97          0          0          0
      0.98          0          0          0
      0.99          0          0          0
