         0          1    0.32957   0.495755
      0.01   0.945877   0.462289   0.621047
      0.02   0.945877   0.462314   0.621069
      0.03   0.945451   0.463092   0.621679
      0.04     0.9446   0.467058   0.625057
      0.05   0.942133   0.474497    0.63113
      0.06    0.93809   0.500332   0.652599
      0.07   0.928347   0.522282   0.668481
      0.08   0.912858   0.562514    0.69609
      0.09   0.895966   0.593247   0.713839
       0.1   0.867416    0.63503   0.733251
      0.11   0.825887   0.669321   0.739407
      0.12   0.803506   0.692746   0.744027
      0.13   0.768658   0.724488    0.74592
      0.14   0.736959   0.740196   0.738574
      0.15    0.71011   0.762201   0.735234
      0.16   0.681899   0.771482    0.72393
      0.17   0.644328   0.782805   0.706848
      0.18   0.622628   0.791584   0.697013
      0.19   0.586291   0.801091   0.677062
       0.2   0.566718   0.803065   0.664501
      0.21   0.536635   0.810583   0.645756
      0.22   0.498426   0.815088   0.618586
      0.23   0.462897   0.818622   0.591388
      0.24   0.434984   0.828991   0.570578
      0.25   0.417326   0.832444   0.555943
      0.26   0.388392   0.838477   0.530877
      0.27   0.372947   0.842331   0.516992
      0.28   0.346694   0.844243   0.491535
      0.29   0.338099   0.848049   0.483455
       0.3   0.320143    0.85567   0.465953
      0.31   0.300868   0.860677   0.445872
      0.32   0.291379    0.86993   0.436541
      0.33   0.273934   0.873508   0.417073
      0.34   0.258531   0.883803   0.400042
      0.35   0.233895   0.889332    0.37038
      0.36   0.220492   0.892125   0.353592
      0.37   0.200281   0.896845   0.327439
      0.38   0.189643   0.901316   0.313355
      0.39   0.167347   0.904478   0.282438
       0.4   0.158412   0.906752   0.269706
      0.41   0.144881   0.916512    0.25021
      0.42   0.135563   0.929314    0.23661
      0.43   0.131478   0.933921   0.230506
      0.44   0.116245   0.937186   0.206836
      0.45   0.111012   0.946667    0.19872
      0.46   0.104459   0.951807   0.188257
      0.47  0.0996085   0.953642   0.180377
      0.48  0.0898221   0.956044   0.164216
      0.49  0.0756957   0.958506   0.140311
       0.5  0.0682921   0.957746   0.127493
      0.51  0.0647604   0.962963   0.121359
      0.52  0.0593567   0.965517   0.111838
      0.53  0.0550166   0.993421   0.104259
      0.54  0.0539103   0.993007   0.102268
      0.55  0.0460812          1  0.0881025
      0.56  0.0453578          1  0.0867796
      0.57  0.0438261          1   0.083972
      0.58  0.0421241          1  0.0808427
      0.59  0.0389329          1  0.0749478
       0.6  0.0368054          1  0.0709977
      0.61  0.0314441          1  0.0609711
      0.62  0.0231895          1  0.0453279
      0.63  0.0230619          1   0.045084
      0.64  0.0204238          1    0.04003
      0.65  0.0203387          1  0.0398666
      0.66  0.0164667          1  0.0323998
      0.67  0.0148498          1   0.029265
      0.68  0.0130202          1  0.0257056
      0.69  0.0122968          1  0.0242949
       0.7 0.00957365          1  0.0189657
      0.71 0.00957365          1  0.0189657
      0.72 0.00846736          1  0.0167925
      0.73 0.00621224          1  0.0123478
      0.74 0.00570164          1  0.0113386
      0.75 0.00323377          1 0.00644669
      0.76 0.00289337          1 0.00577005
      0.77 0.00246788          1  0.0049236
      0.78          0          0          0
      0.79          0          0          0
       0.8          0          0          0
      0.81          0          0          0
      0.82          0          0          0
      0.83          0          0          0
      0.84          0          0          0
      0.85          0          0          0
      0.86          0          0          0
      0.87          0          0          0
      0.88          0          0          0
      0.89          0          0          0
       0.9          0          0          0
      0.91          0          0          0
      0.92          0          0          0
      0.93          0          0          0
      0.94          0          0          0
      0.95          0          0          0
      0.96          0          0          0
      0.97          0          0          0
      0.98          0          0          0
      0.99          0          0          0
