         0          1   0.256164   0.407851
      0.01   0.979454   0.495443   0.658031
      0.02   0.979454   0.495406   0.657998
      0.03   0.979454   0.495623   0.658189
      0.04   0.979338   0.496817   0.659215
      0.05   0.979164   0.499476   0.661512
      0.06    0.97603   0.510677   0.670523
      0.07   0.971445   0.521661   0.678806
      0.08   0.967905   0.539681   0.692975
      0.09   0.958096   0.552338   0.700716
       0.1   0.948404    0.56665   0.709431
      0.11     0.9296   0.584126   0.717439
      0.12   0.919269   0.593506   0.721312
      0.13   0.893442   0.597516   0.716111
      0.14    0.87899   0.602457   0.714914
      0.15   0.861056   0.610015   0.714115
      0.16   0.843761   0.615692   0.711906
      0.17     0.8296   0.625209   0.713047
      0.18   0.817528    0.63536   0.715023
      0.19   0.796169   0.651575   0.716652
       0.2    0.78758   0.657446   0.716653
      0.21   0.771503   0.670395   0.717404
      0.22    0.75444   0.679588    0.71506
      0.23   0.740163   0.686823   0.712496
      0.24   0.717237   0.697534   0.707248
      0.25   0.696692   0.701737   0.699205
      0.26   0.668543   0.708797   0.688082
      0.27   0.647707   0.713415   0.678975
      0.28   0.623796    0.72168   0.669177
      0.29   0.600348   0.726306   0.657348
       0.3   0.562101    0.72928   0.634869
      0.31   0.513987   0.730064   0.603261
      0.32    0.49321   0.736527   0.590797
      0.33   0.460824   0.740998   0.568253
      0.34   0.448868   0.744091    0.55995
      0.35   0.429367   0.750748   0.546297
      0.36   0.416541   0.749066   0.535372
      0.37   0.386245   0.750585   0.510032
      0.38   0.376436   0.756052    0.50262
      0.39   0.353105   0.752407   0.480644
       0.4   0.339234   0.748538    0.46688
      0.41   0.313639   0.744923   0.441423
      0.42   0.290075   0.742627   0.417193
      0.43   0.271503    0.73913    0.39713
      0.44   0.247185   0.740125   0.370599
      0.45   0.233082    0.73913   0.354404
      0.46   0.221822   0.736479   0.340952
      0.47   0.206849   0.733004   0.322648
      0.48   0.188218   0.731932   0.299436
      0.49   0.176262   0.728142    0.28382
       0.5   0.160708   0.745185   0.264396
      0.51   0.147359   0.756536   0.246671
      0.52   0.140221   0.757732   0.236649
      0.53    0.13401   0.763303   0.227993
      0.54   0.129948   0.767123   0.222248
      0.55   0.119675   0.781659    0.20757
      0.56    0.11184    0.78271   0.195714
      0.57   0.100929   0.793011   0.179067
      0.58   0.093964   0.891447   0.170008
      0.59  0.0770749   0.940171    0.14247
       0.6   0.069762   0.955882   0.130034
      0.61  0.0620429   0.977901   0.116683
      0.62  0.0593151   0.976048   0.111834
      0.63  0.0583865   0.981366   0.110216
      0.64   0.051538   0.986395  0.0979578
      0.65   0.049971   0.992857  0.0951529
      0.66  0.0466628   0.992188  0.0891336
      0.67  0.0456761   0.991935  0.0873309
      0.68  0.0391178   0.990826  0.0752642
      0.69  0.0383633          1  0.0738919
       0.7  0.0341265          1  0.0660007
      0.71  0.0307603          1  0.0596847
      0.72  0.0297737          1  0.0578256
      0.73  0.0282066          1  0.0548657
      0.74  0.0269878          1  0.0525572
      0.75  0.0230992          1  0.0451554
      0.76  0.0213581          1  0.0418229
      0.77  0.0174115          1   0.034227
      0.78  0.0145096          1  0.0286041
      0.79 0.00708067          1  0.0140618
       0.8 0.00626814          1  0.0124582
      0.81 0.00487522          1 0.00970313
      0.82 0.00191526          1 0.00382321
      0.83          0          0          0
      0.84          0          0          0
      0.85          0          0          0
      0.86          0          0          0
      0.87          0          0          0
      0.88          0          0          0
      0.89          0          0          0
       0.9          0          0          0
      0.91          0          0          0
      0.92          0          0          0
      0.93          0          0          0
      0.94          0          0          0
      0.95          0          0          0
      0.96          0          0          0
      0.97          0          0          0
      0.98          0          0          0
      0.99          0          0          0
