         0          1   0.382258   0.553092
      0.01   0.880776   0.534651   0.665393
      0.02   0.880776   0.534651   0.665393
      0.03   0.880776   0.534651   0.665393
      0.04   0.880776   0.534724   0.665449
      0.05   0.880633   0.535087    0.66569
      0.06   0.879452   0.535701   0.665826
      0.07   0.877089   0.536377   0.665669
      0.08   0.872687   0.541103   0.668011
      0.09   0.867783   0.543868   0.668663
       0.1   0.853789   0.549072   0.668336
      0.11   0.831418   0.552723   0.664013
      0.12   0.815813   0.555761   0.661134
      0.13   0.785211   0.562001   0.655115
      0.14   0.772827   0.568892    0.65536
      0.15   0.749132   0.576399   0.651511
      0.16   0.734278   0.582428   0.649597
      0.17   0.703676   0.591597   0.642788
      0.18   0.681807     0.5977   0.636989
      0.19   0.667526   0.607131   0.635898
       0.2   0.650954   0.615739   0.632857
      0.21   0.633595   0.627246   0.630404
      0.22   0.618132    0.64023   0.628987
      0.23   0.604782   0.649993   0.626573
      0.24   0.582412   0.664142   0.620598
      0.25   0.573464   0.672302   0.618962
      0.26   0.558216   0.689068   0.616778
      0.27   0.553849   0.697764   0.617533
      0.28   0.541966    0.71378   0.616119
      0.29   0.531551   0.723094   0.612701
       0.3   0.517449    0.73748   0.608175
      0.31   0.496117   0.749583   0.597063
      0.32   0.487383   0.760573   0.594076
      0.33   0.475357   0.774015    0.58899
      0.34   0.468091   0.781025   0.585359
      0.35   0.452307   0.790249   0.575322
      0.36   0.443072   0.798044   0.569795
      0.37   0.418268    0.80647   0.550846
      0.38   0.409213   0.809985   0.543729
      0.39   0.396149   0.820106   0.534237
       0.4   0.390136   0.825154   0.529787
      0.41   0.375676   0.835483   0.518298
      0.42   0.361645   0.842718   0.506101
      0.43   0.353019   0.846815   0.498305
      0.44   0.338273   0.855467   0.484831
      0.45   0.329718   0.870379   0.478261
      0.46   0.310856    0.88998   0.460772
      0.47   0.297792   0.895036   0.446895
      0.48   0.280218   0.904975    0.42793
      0.49   0.269265    0.91276   0.415853
       0.5    0.25638   0.926047   0.401581
      0.51   0.241848   0.935415    0.38433
      0.52   0.234225   0.941132   0.375097
      0.53   0.212177   0.956072   0.347282
      0.54   0.199148   0.961147   0.329934
      0.55   0.182326   0.964249   0.306665
      0.56   0.170729   0.966704   0.290205
      0.57   0.156341   0.964242   0.269057
      0.58   0.144815   0.966578   0.251892
      0.59   0.131966   0.966967   0.232238
       0.6   0.122159   0.971947   0.217039
      0.61   0.104871   0.977099   0.189413
      0.62   0.085114    0.98427   0.156679
      0.63  0.0721572   0.985185   0.134466
      0.64  0.0636028   0.991713   0.119539
      0.65  0.0603815   0.994152   0.113848
      0.66  0.0513619   0.993266  0.0976731
      0.67  0.0468163   0.992701  0.0894157
      0.68  0.0445256   0.995851    0.08524
      0.69   0.039801          1   0.076555
       0.7  0.0345753          1  0.0668396
      0.71  0.0278822          1  0.0542517
      0.72  0.0240524          1  0.0469749
      0.73  0.0182541          1  0.0358536
      0.74  0.0170371          1  0.0335034
      0.75    0.01378          1  0.0271854
      0.76 0.00948495          1  0.0187917
      0.77 0.00590572          1  0.0117421
      0.78 0.00476037          1 0.00947563
      0.79  0.0013959          1  0.0027879
       0.8 0.000501092          1 0.00100168
      0.81 0.000501092          1 0.00100168
      0.82 0.000429507          1 0.000858645
      0.83 0.000429507          1 0.000858645
      0.84 0.000393715          1 0.00078712
      0.85 0.000357923          1 0.000715589
      0.86          0          0          0
      0.87          0          0          0
      0.88          0          0          0
      0.89          0          0          0
       0.9          0          0          0
      0.91          0          0          0
      0.92          0          0          0
      0.93          0          0          0
      0.94          0          0          0
      0.95          0          0          0
      0.96          0          0          0
      0.97          0          0          0
      0.98          0          0          0
      0.99          0          0          0
