         0          1   0.173626   0.295879
      0.01   0.936166   0.521753   0.670061
      0.02   0.840512   0.691837   0.758962
      0.03   0.800834   0.750397   0.774796
      0.04   0.749709   0.780796   0.764937
      0.05   0.735254   0.799002   0.765804
      0.06   0.731471   0.825996   0.775865
      0.07   0.730113   0.837561   0.780154
      0.08    0.72371   0.846025   0.780102
      0.09   0.723031   0.853448   0.782845
       0.1   0.721769   0.880996   0.793473
      0.11   0.718762    0.89578   0.797567
      0.12   0.711971   0.902439   0.795969
      0.13   0.697516   0.911218   0.790173
      0.14   0.692278   0.917018   0.788955
      0.15   0.686554   0.923134   0.787459
      0.16   0.678405   0.927692   0.783702
      0.17   0.661137   0.930099   0.772887
      0.18   0.650466   0.940823   0.769154
      0.19   0.633489   0.943891   0.758149
       0.2    0.60875   0.945014   0.740495
      0.21   0.587699    0.94897   0.725867
      0.22   0.566841    0.95112    0.71034
      0.23   0.561409   0.953271   0.706651
      0.24   0.554133   0.957311   0.701948
      0.25   0.548991   0.962431   0.699164
      0.26   0.535118   0.971165   0.690027
      0.27   0.529977   0.980998   0.688173
      0.28   0.519111   0.983811   0.679619
      0.29   0.510671   0.992268   0.674309
       0.3        0.5   0.994674   0.665479
      0.31   0.479336   0.997226   0.647459
      0.32   0.476717          1   0.645644
      0.33   0.460128          1   0.630257
      0.34   0.454501          1   0.624958
      0.35   0.442472          1   0.613491
      0.36    0.42142          1   0.592957
      0.37   0.387272          1   0.558322
      0.38   0.373108          1   0.543451
      0.39   0.322856          1    0.48812
       0.4   0.275029          1   0.431408
      0.41   0.215658          1     0.3548
      0.42   0.180539          1   0.305859
      0.43   0.138048          1   0.242605
      0.44   0.111564          1   0.200733
      0.45  0.0979821          1   0.178477
      0.46  0.0732441          1   0.136491
      0.47  0.0609236          1    0.11485
      0.48  0.0428793          1  0.0822326
      0.49   0.032014          1  0.0620417
       0.5  0.0250291          1  0.0488359
      0.51  0.0192084          1  0.0376927
      0.52  0.0178502          1  0.0350743
      0.53 0.00950718          1  0.0188353
      0.54  0.0048506          1 0.00965437
      0.55          0          0          0
      0.56          0          0          0
      0.57          0          0          0
      0.58          0          0          0
      0.59          0          0          0
       0.6          0          0          0
      0.61          0          0          0
      0.62          0          0          0
      0.63          0          0          0
      0.64          0          0          0
      0.65          0          0          0
      0.66          0          0          0
      0.67          0          0          0
      0.68          0          0          0
      0.69          0          0          0
       0.7          0          0          0
      0.71          0          0          0
      0.72          0          0          0
      0.73          0          0          0
      0.74          0          0          0
      0.75          0          0          0
      0.76          0          0          0
      0.77          0          0          0
      0.78          0          0          0
      0.79          0          0          0
       0.8          0          0          0
      0.81          0          0          0
      0.82          0          0          0
      0.83          0          0          0
      0.84          0          0          0
      0.85          0          0          0
      0.86          0          0          0
      0.87          0          0          0
      0.88          0          0          0
      0.89          0          0          0
       0.9          0          0          0
      0.91          0          0          0
      0.92          0          0          0
      0.93          0          0          0
      0.94          0          0          0
      0.95          0          0          0
      0.96          0          0          0
      0.97          0          0          0
      0.98          0          0          0
      0.99          0          0          0
