         0          1   0.331079    0.49746
      0.01   0.932482   0.296317   0.449724
      0.02   0.932482   0.296317   0.449724
      0.03   0.932482   0.296317   0.449724
      0.04   0.932482   0.296348    0.44976
      0.05   0.932482   0.296348    0.44976
      0.06   0.932316   0.296576   0.450003
      0.07   0.932233   0.296837   0.450294
      0.08   0.931901   0.297008   0.450451
      0.09   0.930989   0.297111   0.450464
       0.1   0.929371    0.29774   0.450996
      0.11   0.926551   0.298507   0.451541
      0.12   0.920828   0.298645   0.451015
      0.13   0.911621    0.29968   0.451076
      0.14   0.904114   0.300275   0.450822
      0.15   0.888479   0.301429   0.450142
      0.16   0.877488   0.302194   0.449565
      0.17   0.857872   0.304266   0.449209
      0.18   0.840619    0.30681   0.449544
      0.19   0.817104   0.311177    0.45071
       0.2   0.803044   0.315776   0.453302
      0.21   0.783718   0.322277   0.456737
      0.22   0.755267    0.32734   0.456729
      0.23   0.742618   0.332224   0.459073
      0.24   0.715411   0.340872   0.461739
      0.25   0.700647   0.346346   0.463549
      0.26   0.676095   0.355241   0.465758
      0.27   0.658054   0.360941   0.466183
      0.28   0.636737   0.370397    0.46835
      0.29   0.624959   0.376496   0.469906
       0.3    0.60107   0.385395   0.469655
      0.31   0.583361   0.396218   0.471913
      0.32   0.567892   0.401878   0.470675
      0.33   0.534257   0.414006   0.466507
      0.34   0.521525    0.42092   0.465853
      0.35    0.49606   0.431672   0.461631
      0.36   0.487309   0.442144   0.463629
      0.37    0.47213   0.453966    0.46287
      0.38    0.45919   0.461454   0.460319
      0.39   0.428542   0.465088   0.446068
       0.4   0.408635   0.470761   0.437503
      0.41   0.378028   0.479607   0.422802
      0.42   0.353019   0.493598   0.411637
      0.43   0.338918   0.496432   0.402825
      0.44   0.308809    0.50481   0.383201
      0.45   0.286787   0.504367   0.365658
      0.46   0.260907   0.505461   0.344165
      0.47   0.254645   0.514323   0.340638
      0.48   0.238761   0.515751   0.326413
      0.49   0.232125   0.514648   0.319944
       0.5   0.217568   0.526882   0.307966
      0.51   0.196126   0.525836   0.285694
      0.52   0.181445   0.526846   0.269927
      0.53   0.161538   0.524112    0.24696
      0.54   0.155607   0.524138   0.239971
      0.55   0.134456   0.523126   0.213927
      0.56   0.125912    0.52972   0.203463
      0.57   0.110982    0.52439   0.183193
      0.58   0.100116   0.517401   0.167769
      0.59  0.0937293   0.530556   0.159314
       0.6  0.0868862   0.543131   0.149807
      0.61  0.0722877   0.557377   0.127978
      0.62  0.0569426   0.555556   0.103298
      0.63  0.0500995   0.579882  0.0922307
      0.64  0.0421367   0.585185  0.0786128
      0.65  0.0384871        0.6  0.0723342
      0.66  0.0339665    0.62766  0.0644454
      0.67  0.0303998    0.64557  0.0580653
      0.68  0.0250912   0.677419  0.0483901
      0.69  0.0221052   0.693878  0.0428454
       0.7  0.0168381   0.666667  0.0328466
      0.71 0.00783842   0.578947  0.0154674
      0.72 0.00423026   0.583333  0.0083996
      0.73 0.00319343        0.5 0.00634633
      0.74 0.00286165        0.6 0.00569612
      0.75 0.00252986   0.666667 0.00504059
      0.76 0.00252986   0.666667 0.00504059
      0.77          0          0          0
      0.78          0          0          0
      0.79          0          0          0
       0.8          0          0          0
      0.81          0          0          0
      0.82          0          0          0
      0.83          0          0          0
      0.84          0          0          0
      0.85          0          0          0
      0.86          0          0          0
      0.87          0          0          0
      0.88          0          0          0
      0.89          0          0          0
       0.9          0          0          0
      0.91          0          0          0
      0.92          0          0          0
      0.93          0          0          0
      0.94          0          0          0
      0.95          0          0          0
      0.96          0          0          0
      0.97          0          0          0
      0.98          0          0          0
      0.99          0          0          0
