         0          1   0.339259   0.506637
      0.01   0.979436   0.801437   0.881541
      0.02   0.978856   0.805189    0.88357
      0.03   0.978315   0.820312   0.892374
      0.04   0.976498   0.853306   0.910755
      0.05   0.972439   0.863015   0.914465
      0.06   0.950792    0.87603   0.911882
      0.07    0.93421   0.888105   0.910574
      0.08   0.909007    0.89912   0.904036
      0.09   0.884152   0.902474   0.893219
       0.1   0.840974   0.908917   0.873626
      0.11   0.800425   0.916816   0.854676
      0.12   0.778508   0.921424   0.843959
      0.13   0.745226   0.928774   0.826938
      0.14   0.721763   0.934349   0.814412
      0.15   0.690723   0.939078   0.795978
      0.16   0.665636   0.942664   0.780291
      0.17    0.62671   0.946074   0.753968
      0.18   0.593931   0.946699   0.729927
      0.19     0.5477   0.951364   0.695183
       0.2   0.511828   0.950088   0.665266
      0.21   0.460804   0.948045    0.62017
      0.22   0.408233   0.946724   0.570475
      0.23   0.373985   0.941136   0.535268
      0.24   0.313916   0.938282   0.470439
      0.25   0.287592   0.935185   0.439903
      0.26    0.24484   0.935307   0.388088
      0.27   0.220758   0.934426   0.357141
      0.28   0.180518   0.937126   0.302723
      0.29   0.158485   0.934959   0.271028
       0.3   0.126826   0.931907   0.223268
      0.31   0.100812   0.937916   0.182055
      0.32   0.093506   0.937947   0.170058
      0.33   0.082644    0.93617    0.15188
      0.34  0.0691921   0.939759   0.128894
      0.35  0.0614225   0.940767   0.115316
      0.36  0.0558175    0.94186   0.105389
      0.37  0.0529571   0.957265   0.100362
      0.38  0.0453034   0.953917  0.0864989
      0.39   0.039196   0.963731  0.0753283
       0.4   0.036838   0.960674  0.0709552
      0.41  0.0316196   0.955696   0.061214
      0.42  0.0299961   0.959459  0.0581736
      0.43  0.0261307   0.955882  0.0508707
      0.44  0.0253576   0.951613  0.0493988
      0.45  0.0246231       0.95  0.0480021
      0.46  0.0240046   0.946429  0.0468217
      0.47  0.0232702   0.943925  0.0454207
      0.48  0.0220719   0.938776  0.0431298
      0.49  0.0220719   0.934783  0.0431255
       0.5  0.0210282   0.923077  0.0411197
      0.51  0.0208736   0.945205  0.0408452
      0.52  0.0198686   0.941176  0.0389156
      0.53  0.0186703       0.95  0.0366208
      0.54  0.0180518   0.963636  0.0354397
      0.55  0.0158098       0.96  0.0311073
      0.56  0.0151913   0.954545  0.0299067
      0.57  0.0145729       0.95  0.0287054
      0.58   0.014109   0.972973  0.0278147
      0.59  0.0128721          1  0.0254169
       0.6  0.0119443          1  0.0236067
      0.61 0.00541167          1  0.0107651
      0.62 0.00459992          1 0.00915772
      0.63 0.00459992          1 0.00915772
      0.64 0.00204871          1 0.00408903
      0.65 0.00204871          1 0.00408903
      0.66 0.00204871          1 0.00408903
      0.67          0          0          0
      0.68          0          0          0
      0.69          0          0          0
       0.7          0          0          0
      0.71          0          0          0
      0.72          0          0          0
      0.73          0          0          0
      0.74          0          0          0
      0.75          0          0          0
      0.76          0          0          0
      0.77          0          0          0
      0.78          0          0          0
      0.79          0          0          0
       0.8          0          0          0
      0.81          0          0          0
      0.82          0          0          0
      0.83          0          0          0
      0.84          0          0          0
      0.85          0          0          0
      0.86          0          0          0
      0.87          0          0          0
      0.88          0          0          0
      0.89          0          0          0
       0.9          0          0          0
      0.91          0          0          0
      0.92          0          0          0
      0.93          0          0          0
      0.94          0          0          0
      0.95          0          0          0
      0.96          0          0          0
      0.97          0          0          0
      0.98          0          0          0
      0.99          0          0          0
