         0          1   0.393948   0.565226
      0.01   0.966681   0.429538   0.594787
      0.02   0.966681   0.429673   0.594916
      0.03   0.966504   0.430312   0.595494
      0.04   0.962684   0.434047   0.598326
      0.05   0.953488   0.441195   0.603254
      0.06   0.923175   0.461538   0.615406
      0.07   0.889537   0.476672   0.620722
      0.08   0.830716   0.502152   0.625937
      0.09   0.787033   0.520938   0.626918
       0.1    0.72188   0.539242   0.617336
      0.11   0.645904   0.561109   0.600528
      0.12    0.59115   0.579076   0.585051
      0.13   0.513971   0.606785   0.556535
      0.14   0.461906   0.623457   0.530658
      0.15   0.393357   0.658391   0.492481
      0.16   0.347765   0.674419   0.458898
      0.17   0.287033   0.700143    0.40715
      0.18   0.268711   0.715937   0.390759
      0.19   0.235463   0.746269   0.357977
       0.2   0.210173   0.770492   0.330258
      0.21   0.184211   0.788961   0.298683
      0.22   0.161113   0.811688    0.26886
      0.23   0.142013   0.844504    0.24314
      0.24   0.123797   0.871886    0.21681
      0.25   0.105652    0.87234   0.188477
      0.26  0.0847482   0.902299   0.154943
      0.27  0.0756579   0.904762   0.139639
      0.28  0.0594935   0.932039   0.111848
      0.29  0.0490591   0.954545   0.093322
       0.3  0.0389785   0.945946  0.0748718
      0.31  0.0293577   0.944444  0.0569452
      0.32  0.0232385   0.976744   0.045397
      0.33  0.0175792          1  0.0345511
      0.34  0.0157753          1  0.0310607
      0.35   0.012981          1  0.0256294
      0.36 0.00891341          1  0.0176693
      0.37 0.00661432          1  0.0131417
      0.38 0.00661432          1  0.0131417
      0.39 0.00534097          1  0.0106252
       0.4 0.00534097          1  0.0106252
      0.41 0.00491653          1 0.00978494
      0.42 0.00491653          1 0.00978494
      0.43 0.00491653          1 0.00978494
      0.44 0.00247595          1 0.00493967
      0.45 0.00247595          1 0.00493967
      0.46 0.00226372          1 0.00451722
      0.47 0.00198076          1 0.00395369
      0.48          0          0          0
      0.49          0          0          0
       0.5          0          0          0
      0.51          0          0          0
      0.52          0          0          0
      0.53          0          0          0
      0.54          0          0          0
      0.55          0          0          0
      0.56          0          0          0
      0.57          0          0          0
      0.58          0          0          0
      0.59          0          0          0
       0.6          0          0          0
      0.61          0          0          0
      0.62          0          0          0
      0.63          0          0          0
      0.64          0          0          0
      0.65          0          0          0
      0.66          0          0          0
      0.67          0          0          0
      0.68          0          0          0
      0.69          0          0          0
       0.7          0          0          0
      0.71          0          0          0
      0.72          0          0          0
      0.73          0          0          0
      0.74          0          0          0
      0.75          0          0          0
      0.76          0          0          0
      0.77          0          0          0
      0.78          0          0          0
      0.79          0          0          0
       0.8          0          0          0
      0.81          0          0          0
      0.82          0          0          0
      0.83          0          0          0
      0.84          0          0          0
      0.85          0          0          0
      0.86          0          0          0
      0.87          0          0          0
      0.88          0          0          0
      0.89          0          0          0
       0.9          0          0          0
      0.91          0          0          0
      0.92          0          0          0
      0.93          0          0          0
      0.94          0          0          0
      0.95          0          0          0
      0.96          0          0          0
      0.97          0          0          0
      0.98          0          0          0
      0.99          0          0          0
