         0          1   0.310743   0.474148
      0.01   0.952954   0.376318   0.539564
      0.02   0.952954   0.376418   0.539667
      0.03   0.952954   0.376733    0.53999
      0.04   0.952954   0.380556   0.543906
      0.05   0.952593   0.388671   0.552084
      0.06    0.95163   0.416503   0.579412
      0.07   0.949063   0.444459   0.605401
      0.08   0.941924   0.496482   0.650231
      0.09   0.936309   0.533771   0.679929
       0.1   0.924879   0.589261   0.719874
      0.11   0.913929   0.634365   0.748908
      0.12   0.907191   0.663236   0.766265
      0.13    0.88814   0.701683   0.783978
      0.14   0.872619   0.721977   0.790182
      0.15   0.847872   0.749666   0.795751
      0.16   0.831428   0.760887   0.794595
      0.17   0.801428   0.781633   0.791407
      0.18   0.771107   0.793941   0.782357
      0.19   0.738178   0.811253   0.772992
       0.2   0.716881   0.816519   0.763463
      0.21   0.681747   0.825961   0.746957
      0.22   0.653953   0.832921   0.732666
      0.23   0.636546   0.839427   0.724043
      0.24    0.60819   0.843854   0.706898
      0.25   0.587494   0.844346   0.692882
      0.26   0.553403   0.844565   0.668663
      0.27   0.529098    0.84591   0.651006
      0.28   0.501544   0.852644   0.631579
      0.29   0.476236   0.856134   0.612025
       0.3    0.43641   0.857651   0.578469
      0.31   0.393013   0.851383   0.537779
      0.32   0.375847   0.853265   0.521836
      0.33   0.344563   0.861349   0.492224
      0.34   0.317892   0.860248   0.464233
      0.35   0.285565   0.862543   0.429075
      0.36   0.270525   0.865291   0.412184
      0.37   0.247704   0.866131   0.385235
      0.38   0.237156   0.859175   0.371709
      0.39   0.214816   0.845659   0.342603
       0.4   0.200939   0.837884   0.324142
      0.41   0.187503   0.828302   0.305785
      0.42   0.172583    0.81875   0.285075
      0.43    0.16059   0.809313   0.268002
      0.44   0.141098   0.798005   0.239797
      0.45   0.132836   0.787634   0.227332
      0.46   0.119961   0.772727   0.207682
      0.47   0.108531   0.759197   0.189913
      0.48  0.0979425   0.746094   0.173154
      0.49  0.0887579   0.726087    0.15818
       0.5  0.0752015   0.685567   0.135536
      0.51  0.0549473   0.646341   0.101284
      0.52  0.0523804   0.633987  0.0967659
      0.53  0.0439979   0.603053  0.0820123
      0.54  0.0412706   0.581197  0.0770686
      0.55  0.0316448   0.537634  0.0597715
      0.56  0.0277143   0.518072   0.052614
      0.57  0.0206955   0.492308  0.0397211
      0.58  0.0193719   0.483333  0.0372508
      0.59    0.01119      0.575  0.0219528
       0.6  0.0106686      0.625  0.0209791
      0.61 0.00573537    0.62963  0.0113672
      0.62 0.00553483   0.666667  0.0109785
      0.63 0.00364978   0.684211 0.00726083
      0.64 0.00364978          1 0.00727302
      0.65 0.00364978          1 0.00727302
      0.66          0          0          0
      0.67          0          0          0
      0.68          0          0          0
      0.69          0          0          0
       0.7          0          0          0
      0.71          0          0          0
      0.72          0          0          0
      0.73          0          0          0
      0.74          0          0          0
      0.75          0          0          0
      0.76          0          0          0
      0.77          0          0          0
      0.78          0          0          0
      0.79          0          0          0
       0.8          0          0          0
      0.81          0          0          0
      0.82          0          0          0
      0.83          0          0          0
      0.84          0          0          0
      0.85          0          0          0
      0.86          0          0          0
      0.87          0          0          0
      0.88          0          0          0
      0.89          0          0          0
       0.9          0          0          0
      0.91          0          0          0
      0.92          0          0          0
      0.93          0          0          0
      0.94          0          0          0
      0.95          0          0          0
      0.96          0          0          0
      0.97          0          0          0
      0.98          0          0          0
      0.99          0          0          0
