         0          1   0.172013   0.293534
      0.01   0.969378   0.245751   0.392099
      0.02   0.969378   0.246697   0.393303
      0.03   0.968015   0.250603   0.398136
      0.04   0.960341   0.272364   0.424371
      0.05   0.950445   0.300698   0.456857
      0.06   0.927352   0.350005   0.508202
      0.07   0.909639   0.383204   0.539241
      0.08   0.865534   0.430985   0.575436
      0.09    0.83405   0.455202   0.588964
       0.1   0.794248   0.486471   0.603378
      0.11   0.757602   0.518132   0.615392
      0.12   0.718947   0.534233   0.612977
      0.13   0.691767   0.572128   0.626285
      0.14   0.670252   0.587247    0.62601
      0.15   0.652252    0.60164   0.625924
      0.16   0.624641   0.609659   0.617059
      0.17    0.59739   0.616911   0.606994
      0.18   0.577381   0.620126    0.59799
      0.19    0.52969   0.617127   0.570076
       0.2   0.504446   0.614983   0.554257
      0.21   0.483075   0.611596   0.539791
      0.22   0.452166   0.604469   0.517341
      0.23   0.421902   0.598356    0.49487
      0.24   0.388985   0.590625   0.469052
      0.25   0.367613   0.581639   0.450498
      0.26   0.348537   0.574048   0.433731
      0.27    0.33613   0.572801   0.423653
      0.28   0.317484   0.561111    0.40552
      0.29   0.310241   0.549414   0.396556
       0.3   0.289802   0.537021   0.376452
      0.31   0.276535   0.521246   0.361359
      0.32   0.263698   0.507937   0.347164
      0.33   0.236231   0.478678   0.316344
      0.34   0.217585   0.451977   0.293754
      0.35   0.199656   0.429419   0.272578
      0.36   0.191265   0.417381   0.262321
      0.37   0.182516   0.399494   0.250559
      0.38   0.174771   0.388601   0.241106
      0.39   0.152969   0.362162   0.215089
       0.4   0.146371   0.349931   0.206406
      0.41   0.134897   0.327062   0.191011
      0.42   0.121558   0.305008   0.173835
      0.43   0.111517   0.289515   0.161014
      0.44   0.102051    0.26699   0.147662
      0.45  0.0958835   0.247492   0.138218
      0.46  0.0880666   0.217544   0.125378
      0.47  0.0844091   0.206093   0.119766
      0.48  0.0660499   0.165714   0.094453
      0.49  0.0555077   0.145098  0.0802974
       0.5  0.0435313   0.121951  0.0641602
      0.51  0.0357143   0.106918  0.0535433
      0.52  0.0346386  0.0985011  0.0512535
      0.53  0.0324154  0.0899123  0.0476514
      0.54  0.0276822  0.0803571  0.0411787
      0.55  0.0234509  0.0722611  0.0354102
      0.56  0.0230207  0.0700483   0.034653
      0.57  0.0180006  0.0586735  0.0275492
      0.58  0.0172834  0.0526316  0.0260217
      0.59  0.0157774  0.0409836  0.0227838
       0.6  0.0124785  0.0364146  0.0185875
      0.61   0.008821  0.0203488   0.012307
      0.62 0.00846242  0.0151976  0.0108714
      0.63 0.00552209 0.00634921 0.00590683
      0.64 0.00272519 0.00381679 0.00317992
      0.65 0.00272519 0.00416667 0.00329518
      0.66          0          0          0
      0.67          0          0          0
      0.68          0          0          0
      0.69          0          0          0
       0.7          0          0          0
      0.71          0          0          0
      0.72          0          0          0
      0.73          0          0          0
      0.74          0          0          0
      0.75          0          0          0
      0.76          0          0          0
      0.77          0          0          0
      0.78          0          0          0
      0.79          0          0          0
       0.8          0          0          0
      0.81          0          0          0
      0.82          0          0          0
      0.83          0          0          0
      0.84          0          0          0
      0.85          0          0          0
      0.86          0          0          0
      0.87          0          0          0
      0.88          0          0          0
      0.89          0          0          0
       0.9          0          0          0
      0.91          0          0          0
      0.92          0          0          0
      0.93          0          0          0
      0.94          0          0          0
      0.95          0          0          0
      0.96          0          0          0
      0.97          0          0          0
      0.98          0          0          0
      0.99          0          0          0
