         0          1   0.171113   0.292223
      0.01   0.967327    0.15329   0.264642
      0.02   0.967327   0.153305   0.264665
      0.03   0.967137   0.153396   0.264794
      0.04   0.967137   0.154172   0.265948
      0.05    0.96666   0.156022   0.268679
      0.06   0.964374   0.162335   0.277892
      0.07    0.95923   0.168527   0.286686
      0.08   0.946752   0.182938   0.306627
      0.09   0.933606    0.19429   0.321644
       0.1   0.902743   0.214934   0.347203
      0.11   0.851019   0.241354   0.376056
      0.12    0.81406   0.262664   0.397176
      0.13   0.769385    0.29812   0.429729
      0.14   0.741379   0.324456   0.451374
      0.15   0.692037   0.362515   0.475792
      0.16   0.666794   0.384771   0.487964
      0.17   0.626596   0.427859   0.508499
      0.18   0.599162   0.453914   0.516521
      0.19   0.559821   0.490381   0.522805
       0.2   0.540579   0.514058   0.526985
      0.21   0.507811   0.551673   0.528834
      0.22   0.470185   0.573808   0.516854
      0.23   0.439608    0.58481   0.501918
      0.24   0.395313   0.600849   0.476877
      0.25   0.373881   0.609292   0.463403
      0.26    0.35302   0.634715   0.453698
      0.27   0.339398   0.642066   0.444063
      0.28   0.314536   0.660042   0.426045
      0.29   0.300057   0.662934   0.413125
       0.3   0.286817   0.671605   0.401968
      0.31   0.267575   0.698727   0.386963
      0.32   0.254048   0.706061   0.373652
      0.33   0.238045   0.727586   0.358726
      0.34   0.223566   0.736162   0.342974
      0.35   0.202896   0.767094   0.320911
      0.36   0.184321   0.778555   0.298074
      0.37   0.162031      0.808   0.269931
      0.38   0.156125   0.823864   0.262504
      0.39   0.141551   0.864078   0.243253
       0.4   0.137455   0.901754   0.238548
      0.41   0.129072   0.931727   0.226735
      0.42   0.123452   0.950673   0.218527
      0.43   0.120309   0.953052   0.213647
      0.44    0.11507   0.962162   0.205556
      0.45   0.108592   0.988024   0.195678
      0.46  0.0941132   0.993421   0.171938
      0.47  0.0903029   0.993007   0.165551
      0.48  0.0783006          1    0.14523
      0.49  0.0775386          1   0.143918
       0.5  0.0766813          1    0.14244
      0.51  0.0666794          1   0.125022
      0.52  0.0653458          1   0.122675
      0.53  0.0592494          1   0.111871
      0.54  0.0542008          1   0.102828
      0.55  0.0506763          1  0.0964642
      0.56  0.0474376          1  0.0905784
      0.57  0.0430558          1  0.0825571
      0.58  0.0405792          1  0.0779934
      0.59  0.0327681          1  0.0634569
       0.6  0.0244809          1  0.0477917
      0.61  0.0240998          1  0.0470654
      0.62  0.0178129          1  0.0350023
      0.63  0.0166698          1   0.032793
      0.64  0.0116213          1  0.0229755
      0.65 0.00657268          1  0.0130595
      0.66 0.00647742          1  0.0128715
      0.67 0.00552486          1   0.010989
      0.68 0.00552486          1   0.010989
      0.69 0.00552486          1   0.010989
       0.7 0.00523909          1  0.0104236
      0.71 0.00514384          1   0.010235
      0.72          0          0          0
      0.73          0          0          0
      0.74          0          0          0
      0.75          0          0          0
      0.76          0          0          0
      0.77          0          0          0
      0.78          0          0          0
      0.79          0          0          0
       0.8          0          0          0
      0.81          0          0          0
      0.82          0          0          0
      0.83          0          0          0
      0.84          0          0          0
      0.85          0          0          0
      0.86          0          0          0
      0.87          0          0          0
      0.88          0          0          0
      0.89          0          0          0
       0.9          0          0          0
      0.91          0          0          0
      0.92          0          0          0
      0.93          0          0          0
      0.94          0          0          0
      0.95          0          0          0
      0.96          0          0          0
      0.97          0          0          0
      0.98          0          0          0
      0.99          0          0          0
