         0          1   0.391539   0.562742
      0.01   0.868867   0.479759    0.61818
      0.02   0.868832   0.479859   0.618254
      0.03   0.868377   0.480087   0.618328
      0.04   0.865293   0.481695   0.618873
      0.05   0.859791   0.486737   0.621587
      0.06   0.837083   0.501535   0.627253
      0.07   0.800287    0.51142   0.624046
      0.08   0.728623   0.526551   0.611321
      0.09    0.68524   0.538985   0.603376
       0.1   0.626892   0.557821   0.590343
      0.11   0.579023   0.578476   0.578749
      0.12   0.553266   0.593151   0.572515
      0.13   0.514858   0.624168   0.564268
      0.14   0.491449   0.642761   0.557012
      0.15   0.465202   0.671768    0.54972
      0.16   0.437868   0.690716   0.535968
      0.17   0.409868   0.728866   0.524686
      0.18   0.393888   0.752159   0.517024
      0.19   0.371355   0.792388   0.505709
       0.2   0.358319   0.815852   0.497944
      0.21   0.332808   0.838814   0.476542
      0.22   0.303336   0.860451   0.448546
      0.23   0.290545    0.87385   0.436094
      0.24   0.270851   0.888153    0.41511
      0.25   0.261634   0.901264   0.405541
      0.26   0.248423   0.924579   0.391622
      0.27   0.240959   0.936433   0.383291
      0.28   0.228729   0.952026   0.368841
      0.29   0.219477    0.95553   0.356963
       0.3   0.210121   0.960494    0.34481
      0.31   0.197154   0.960811   0.327174
      0.32   0.186817   0.959538   0.312744
      0.33   0.170346   0.956381   0.289184
      0.34   0.160534   0.954861   0.274858
      0.35    0.14939    0.96381   0.258684
      0.36   0.140209   0.965235   0.244851
      0.37   0.131098   0.972414   0.231046
      0.38   0.123809   0.975124    0.21972
      0.39   0.106497   0.979042   0.192098
       0.4    0.10096   0.981132   0.183081
      0.41  0.0942669   0.982818   0.172033
      0.42  0.0870479   0.988848    0.16001
      0.43  0.0812658   0.991837   0.150223
      0.44  0.0756588          1   0.140674
      0.45   0.072575          1   0.135329
      0.46  0.0640945          1   0.120468
      0.47  0.0565601          1   0.107065
      0.48   0.045942          1   0.087848
      0.49  0.0374615          1  0.0722175
       0.5  0.0325904          1  0.0631236
      0.51  0.0248108          1  0.0484202
      0.52  0.0188534          1   0.037009
      0.53   0.013737          1  0.0271018
      0.54 0.00879591          1  0.0174384
      0.55 0.00679843          1   0.013505
      0.56 0.00455565          1 0.00906998
      0.57 0.00410008          1 0.00816668
      0.58 0.00392487          1 0.00781904
      0.59  0.0018573          1 0.00370772
       0.6          0          0          0
      0.61          0          0          0
      0.62          0          0          0
      0.63          0          0          0
      0.64          0          0          0
      0.65          0          0          0
      0.66          0          0          0
      0.67          0          0          0
      0.68          0          0          0
      0.69          0          0          0
       0.7          0          0          0
      0.71          0          0          0
      0.72          0          0          0
      0.73          0          0          0
      0.74          0          0          0
      0.75          0          0          0
      0.76          0          0          0
      0.77          0          0          0
      0.78          0          0          0
      0.79          0          0          0
       0.8          0          0          0
      0.81          0          0          0
      0.82          0          0          0
      0.83          0          0          0
      0.84          0          0          0
      0.85          0          0          0
      0.86          0          0          0
      0.87          0          0          0
      0.88          0          0          0
      0.89          0          0          0
       0.9          0          0          0
      0.91          0          0          0
      0.92          0          0          0
      0.93          0          0          0
      0.94          0          0          0
      0.95          0          0          0
      0.96          0          0          0
      0.97          0          0          0
      0.98          0          0          0
      0.99          0          0          0
