         0          1   0.216663    0.35616
      0.01   0.996694   0.723873   0.838654
      0.02   0.996694   0.724293   0.838935
      0.03   0.996694   0.725462   0.839719
      0.04   0.995924   0.733432   0.844757
      0.05   0.995652    0.74514   0.852371
      0.06   0.993025   0.765062   0.864264
      0.07   0.991214   0.780697    0.87345
      0.08   0.988134   0.811921   0.891402
      0.09   0.986141   0.836809   0.905359
       0.1   0.982201   0.871865    0.92375
      0.11   0.979257   0.901316   0.938671
      0.12   0.978216   0.921255   0.948881
      0.13   0.974864       0.94   0.957115
      0.14   0.973551    0.95082   0.962051
      0.15   0.968795    0.96213   0.965451
      0.16   0.966621   0.970388   0.968501
      0.17   0.962953    0.98239   0.972574
      0.18   0.959873   0.985098   0.972322
      0.19   0.954891   0.989912   0.972087
       0.2   0.950362   0.991852   0.970664
      0.21   0.944293   0.992397   0.967748
      0.22   0.933197   0.995015   0.963115
      0.23   0.922373   0.996084   0.957813
      0.24   0.907156    0.99655   0.949754
      0.25   0.884828   0.997413   0.937753
      0.26   0.861413   0.998307   0.924822
      0.27   0.846105   0.998612   0.916054
      0.28   0.822237   0.998913   0.902005
      0.29   0.803125   0.999257    0.89052
       0.3   0.785643   0.999615   0.879806
      0.31   0.767935          1   0.868737
      0.32   0.751676          1   0.858236
      0.33   0.738678          1     0.8497
      0.34   0.726042          1   0.841279
      0.35   0.706658          1   0.828119
      0.36   0.689085          1   0.815927
      0.37   0.661277          1   0.796107
      0.38   0.639266          1   0.779942
      0.39   0.621332          1   0.766446
       0.4   0.601721          1   0.751343
      0.41   0.582518          1   0.736191
      0.42   0.567301          1   0.723921
      0.43   0.553533          1   0.712612
      0.44   0.532835          1   0.695228
      0.45   0.520471          1   0.684618
      0.46   0.504937          1    0.67104
      0.47   0.486458          1    0.65452
      0.48    0.46798          1   0.637584
      0.49   0.439674          1   0.610797
       0.5   0.408016          1   0.579562
      0.51   0.377491          1   0.548085
      0.52   0.354891          1   0.523867
      0.53   0.308832          1   0.471919
      0.54   0.272554          1   0.428358
      0.55   0.229891          1    0.37384
      0.56   0.204891          1   0.340099
      0.57    0.16019          1   0.276145
      0.58   0.137047          1   0.241058
      0.59   0.102672          1   0.186224
       0.6  0.0969656          1   0.176789
      0.61  0.0816576          1   0.150986
      0.62  0.0649909          1    0.12205
      0.63   0.052808          1   0.100318
      0.64  0.0490489          1  0.0935112
      0.65  0.0421649          1  0.0809178
      0.66  0.0337862          1  0.0653641
      0.67  0.0304801          1   0.059157
      0.68  0.0274909          1  0.0535108
      0.69  0.0221014          1  0.0432471
       0.7  0.0146286          1  0.0288354
      0.71  0.0098279          1  0.0194645
      0.72 0.00783514          1  0.0155485
      0.73 0.00711051          1  0.0141206
      0.74 0.00611413          1   0.012154
      0.75  0.0026721          1 0.00532996
      0.76 0.00167572          1 0.00334584
      0.77          0          0          0
      0.78          0          0          0
      0.79          0          0          0
       0.8          0          0          0
      0.81          0          0          0
      0.82          0          0          0
      0.83          0          0          0
      0.84          0          0          0
      0.85          0          0          0
      0.86          0          0          0
      0.87          0          0          0
      0.88          0          0          0
      0.89          0          0          0
       0.9          0          0          0
      0.91          0          0          0
      0.92          0          0          0
      0.93          0          0          0
      0.94          0          0          0
      0.95          0          0          0
      0.96          0          0          0
      0.97          0          0          0
      0.98          0          0          0
      0.99          0          0          0
