         0          1   0.205491   0.340925
      0.01   0.973002   0.298903   0.457319
      0.02   0.971169   0.301445   0.460084
      0.03   0.959003   0.314187   0.473309
      0.04   0.902091   0.336143   0.489781
      0.05   0.845846   0.350123   0.495247
      0.06   0.767269   0.384246   0.512056
      0.07   0.708691   0.402463    0.51338
      0.08   0.652029   0.442378   0.527123
      0.09   0.616199   0.471091   0.533962
       0.1   0.566703   0.519943   0.542317
      0.11   0.542038   0.585589   0.562973
      0.12   0.521457   0.609865   0.562207
      0.13   0.489209   0.661988   0.562633
      0.14   0.459462   0.690493    0.55177
      0.15   0.417799   0.762896   0.539914
      0.16   0.395884   0.793926   0.528324
      0.17   0.356804   0.841954   0.501206
      0.18   0.326806   0.868908    0.47497
      0.19   0.293142   0.884783    0.44038
       0.2   0.252229   0.900826   0.394109
      0.21     0.1999   0.929104   0.329012
      0.22   0.151071   0.954545   0.260857
      0.23   0.129156    0.96988   0.227956
      0.24  0.0972419   0.983871   0.176991
      0.25  0.0904091   0.990741   0.165698
      0.26  0.0665778          1   0.124844
      0.27  0.0584951          1   0.110525
      0.28  0.0537455          1   0.102009
      0.29  0.0464961          1  0.0888606
       0.3   0.043913          1  0.0841315
      0.31  0.0370802          1  0.0715089
      0.32  0.0350804          1   0.067783
      0.33  0.0323306          1  0.0626362
      0.34  0.0317474          1  0.0615409
      0.35  0.0315807          1  0.0612278
      0.36  0.0315807          1  0.0612278
      0.37  0.0315807          1  0.0612278
      0.38  0.0308308          1  0.0598173
      0.39  0.0281643          1  0.0547856
       0.4  0.0274144          1  0.0533658
      0.41  0.0264978          1  0.0516276
      0.42  0.0257479          1  0.0502031
      0.43  0.0257479          1  0.0502031
      0.44  0.0241647          1   0.047189
      0.45  0.0200817          1  0.0393727
      0.46  0.0171652          1  0.0337511
      0.47  0.0166653          1  0.0327842
      0.48  0.0138322          1  0.0272869
      0.49  0.0113324          1  0.0224108
       0.5  0.0104991          1  0.0207801
      0.51 0.00774935          1  0.0153795
      0.52 0.00774935          1  0.0153795
      0.53 0.00583285          1   0.011598
      0.54 0.00541622          1  0.0107741
      0.55 0.00541622          1  0.0107741
      0.56 0.00541622          1  0.0107741
      0.57 0.00541622          1  0.0107741
      0.58 0.00483293          1 0.00961937
      0.59 0.00483293          1 0.00961937
       0.6 0.00483293          1 0.00961937
      0.61 0.00483293          1 0.00961937
      0.62  0.0031664          1 0.00631282
      0.63  0.0031664          1 0.00631282
      0.64 0.00258312          1 0.00515293
      0.65 0.00258312          1 0.00515293
      0.66          0          0          0
      0.67          0          0          0
      0.68          0          0          0
      0.69          0          0          0
       0.7          0          0          0
      0.71          0          0          0
      0.72          0          0          0
      0.73          0          0          0
      0.74          0          0          0
      0.75          0          0          0
      0.76          0          0          0
      0.77          0          0          0
      0.78          0          0          0
      0.79          0          0          0
       0.8          0          0          0
      0.81          0          0          0
      0.82          0          0          0
      0.83          0          0          0
      0.84          0          0          0
      0.85          0          0          0
      0.86          0          0          0
      0.87          0          0          0
      0.88          0          0          0
      0.89          0          0          0
       0.9          0          0          0
      0.91          0          0          0
      0.92          0          0          0
      0.93          0          0          0
      0.94          0          0          0
      0.95          0          0          0
      0.96          0          0          0
      0.97          0          0          0
      0.98          0          0          0
      0.99          0          0          0
