         0          1   0.214804   0.353644
      0.01   0.933866   0.519266    0.66742
      0.02   0.910054   0.572499   0.702849
      0.03   0.885646   0.634381   0.739246
      0.04   0.864298   0.704298   0.776138
      0.05   0.839292   0.737333   0.785016
      0.06   0.805553   0.769644    0.78719
      0.07   0.765694   0.781915   0.773719
      0.08   0.716205   0.797818   0.754812
      0.09   0.679107   0.807868   0.737913
       0.1    0.62835   0.816416   0.710142
      0.11   0.588863   0.823503   0.686692
      0.12   0.557886   0.828842   0.666893
      0.13   0.500187   0.825814   0.623018
      0.14   0.460327   0.824375   0.590771
      0.15     0.4189   0.827273   0.556174
      0.16   0.392849   0.829691   0.533223
      0.17   0.361275   0.836547   0.504622
      0.18   0.339703   0.833034   0.482605
      0.19   0.315294   0.842528   0.458869
       0.2   0.296111   0.854189   0.439772
      0.21   0.280884    0.86211   0.423717
      0.22   0.261551    0.87664   0.402896
      0.23   0.254609   0.877266   0.394673
      0.24   0.245279   0.882175   0.383836
      0.25    0.22938   0.883758   0.364225
      0.26   0.222886   0.902482   0.357484
      0.27   0.217511   0.908397   0.350982
      0.28    0.20206   0.906522   0.330462
      0.29   0.195268   0.906024    0.32129
       0.3   0.180637   0.909836    0.30143
      0.31   0.167799    0.90625   0.283167
      0.32   0.153542   0.899654   0.262315
      0.33   0.142271   0.903101   0.245816
      0.34   0.132716   0.910638   0.231669
      0.35   0.127417    0.91866   0.223793
      0.36   0.118385   0.913978   0.209618
      0.37    0.10047   0.903226   0.180826
      0.38  0.0909159   0.899281   0.165137
      0.39  0.0850937   0.913043   0.155678
       0.4  0.0729268   0.901961   0.134943
      0.41   0.061581    0.91358   0.115384
      0.42  0.0551616   0.916667   0.104061
      0.43  0.0530716   0.910448   0.100297
      0.44  0.0471747   0.912281  0.0897105
      0.45  0.0371725   0.914894  0.0714423
      0.46  0.0353811   0.923077    0.06815
      0.47  0.0305292   0.942857  0.0591434
      0.48  0.0217213   0.913043  0.0424331
      0.49  0.0179891          1  0.0353424
       0.5  0.0125401          1  0.0247696
      0.51  0.0125401          1  0.0247696
      0.52  0.0125401          1  0.0247696
      0.53  0.0116444          1  0.0230207
      0.54  0.0116444          1  0.0230207
      0.55 0.00858401          1  0.0170219
      0.56 0.00858401          1  0.0170219
      0.57 0.00649399          1  0.0129042
      0.58 0.00649399          1  0.0129042
      0.59 0.00649399          1  0.0129042
       0.6 0.00649399          1  0.0129042
      0.61 0.00649399          1  0.0129042
      0.62 0.00641935          1  0.0127568
      0.63 0.00365754          1 0.00728841
      0.64 0.00365754          1 0.00728841
      0.65 0.00365754          1 0.00728841
      0.66 0.00306039          1  0.0061021
      0.67 0.00306039          1  0.0061021
      0.68          0          0          0
      0.69          0          0          0
       0.7          0          0          0
      0.71          0          0          0
      0.72          0          0          0
      0.73          0          0          0
      0.74          0          0          0
      0.75          0          0          0
      0.76          0          0          0
      0.77          0          0          0
      0.78          0          0          0
      0.79          0          0          0
       0.8          0          0          0
      0.81          0          0          0
      0.82          0          0          0
      0.83          0          0          0
      0.84          0          0          0
      0.85          0          0          0
      0.86          0          0          0
      0.87          0          0          0
      0.88          0          0          0
      0.89          0          0          0
       0.9          0          0          0
      0.91          0          0          0
      0.92          0          0          0
      0.93          0          0          0
      0.94          0          0          0
      0.95          0          0          0
      0.96          0          0          0
      0.97          0          0          0
      0.98          0          0          0
      0.99          0          0          0
