         0          1   0.406617   0.578148
      0.01   0.907444   0.584159   0.710768
      0.02   0.905105    0.58514   0.710773
      0.03   0.896266   0.590487   0.711932
      0.04   0.864595   0.610895   0.715934
      0.05   0.828326   0.623685   0.711585
      0.06   0.777311   0.641846   0.703113
      0.07   0.748732   0.652995   0.697594
      0.08   0.704693   0.670199   0.687013
      0.09   0.673617   0.680826   0.677202
       0.1   0.619589   0.699663   0.657196
      0.11   0.558427    0.71667   0.627729
      0.12   0.523109   0.731692   0.610064
      0.13   0.482163    0.74109   0.584222
      0.14   0.462898   0.739353   0.569341
      0.15   0.417354   0.730299   0.531159
      0.16   0.373553   0.720094    0.49192
      0.17   0.329237   0.704344   0.448724
      0.18   0.303512   0.687136   0.421046
      0.19   0.261376   0.664112   0.375117
       0.2   0.228952   0.642491     0.3376
      0.21   0.190978   0.631763   0.293295
      0.22   0.161923   0.631356   0.257743
      0.23   0.145632   0.642857   0.237468
      0.24   0.122364   0.664625   0.206677
      0.25   0.111899   0.673575   0.191916
      0.26  0.0881957    0.72009   0.157144
      0.27  0.0761456   0.714667   0.137627
      0.28  0.0692881    0.73913   0.126699
      0.29   0.055811   0.723636    0.10363
       0.3  0.0476455   0.746544  0.0895742
      0.31  0.0411844   0.745946  0.0780591
      0.32  0.0372602   0.734568  0.0709229
      0.33  0.0349612   0.697183  0.0665834
      0.34   0.034208   0.671756  0.0651009
      0.35  0.0275884   0.601852  0.0527584
      0.36  0.0229111    0.57732  0.0440731
      0.37   0.017877   0.584416  0.0346927
      0.38  0.0158554    0.57971  0.0308666
      0.39  0.0158554   0.730769  0.0310374
       0.4  0.0144284   0.864865  0.0283833
      0.41  0.0130014          1  0.0256691
      0.42  0.0118915          1  0.0235036
      0.43  0.0114159          1  0.0225741
      0.44 0.00745204          1  0.0147938
      0.45 0.00531156          1   0.010567
      0.46 0.00364674          1 0.00726698
      0.47 0.00186301          1 0.00371909
      0.48          0          0          0
      0.49          0          0          0
       0.5          0          0          0
      0.51          0          0          0
      0.52          0          0          0
      0.53          0          0          0
      0.54          0          0          0
      0.55          0          0          0
      0.56          0          0          0
      0.57          0          0          0
      0.58          0          0          0
      0.59          0          0          0
       0.6          0          0          0
      0.61          0          0          0
      0.62          0          0          0
      0.63          0          0          0
      0.64          0          0          0
      0.65          0          0          0
      0.66          0          0          0
      0.67          0          0          0
      0.68          0          0          0
      0.69          0          0          0
       0.7          0          0          0
      0.71          0          0          0
      0.72          0          0          0
      0.73          0          0          0
      0.74          0          0          0
      0.75          0          0          0
      0.76          0          0          0
      0.77          0          0          0
      0.78          0          0          0
      0.79          0          0          0
       0.8          0          0          0
      0.81          0          0          0
      0.82          0          0          0
      0.83          0          0          0
      0.84          0          0          0
      0.85          0          0          0
      0.86          0          0          0
      0.87          0          0          0
      0.88          0          0          0
      0.89          0          0          0
       0.9          0          0          0
      0.91          0          0          0
      0.92          0          0          0
      0.93          0          0          0
      0.94          0          0          0
      0.95          0          0          0
      0.96          0          0          0
      0.97          0          0          0
      0.98          0          0          0
      0.99          0          0          0
