         0          1   0.364376   0.534128
      0.01    0.94675   0.414374   0.576447
      0.02    0.94675   0.414391   0.576464
      0.03    0.94675   0.414362   0.576437
      0.04   0.946491   0.415036    0.57704
      0.05   0.945714   0.416022   0.577847
      0.06   0.940067   0.420687   0.581257
      0.07   0.931935   0.426381   0.585076
      0.08   0.913649    0.44102   0.594887
      0.09   0.895726   0.454605   0.603114
       0.1   0.863559   0.478642   0.615907
      0.11   0.819477   0.503311    0.62361
      0.12    0.78819   0.518533   0.625538
      0.13   0.751878   0.540488   0.628895
      0.14   0.713287   0.554873   0.624185
      0.15   0.673608   0.575611   0.620766
      0.16   0.632375    0.58691   0.608795
      0.17   0.582181   0.602271   0.592056
      0.18   0.563688   0.613727   0.587644
      0.19   0.531624   0.627342    0.57553
       0.2   0.501217   0.637317   0.561133
      0.21   0.465838    0.65059   0.542927
      0.22   0.441129    0.66021    0.52888
      0.23   0.420047   0.665998   0.515173
      0.24     0.3928   0.675623   0.496778
      0.25   0.373634   0.682147   0.482815
      0.26   0.347475   0.693182   0.462906
      0.27   0.335664    0.70282   0.454338
      0.28   0.318933   0.709612   0.440075
      0.29   0.305569   0.713786   0.427938
       0.3   0.288682   0.718811   0.411929
      0.31   0.263766   0.725082   0.386818
      0.32   0.249003   0.725177   0.370714
      0.33   0.230251   0.725926   0.349612
      0.34   0.217457   0.728458   0.334931
      0.35   0.203471   0.726524   0.317908
      0.36    0.19021   0.728571   0.301664
      0.37   0.171406   0.728106   0.277488
      0.38   0.164724   0.726872   0.268582
      0.39   0.156281   0.732661   0.257611
       0.4   0.147164    0.73315   0.245124
      0.41   0.128775   0.733229   0.219074
      0.42   0.120124   0.738351   0.206631
      0.43   0.106605    0.72837   0.185988
      0.44   0.100907   0.736471   0.177494
      0.45  0.0869723   0.726064   0.155337
      0.46  0.0750065   0.750789   0.136387
      0.47  0.0680653   0.733577   0.124572
      0.48  0.0550635   0.752252   0.102616
      0.49  0.0477078   0.756614  0.0897562
       0.5  0.0415954   0.767296   0.078913
      0.51  0.0336182   0.795082  0.0645089
      0.52  0.0288008   0.811321   0.055627
      0.53   0.027454   0.835165  0.0531605
      0.54  0.0228438    0.83908  0.0444768
      0.55  0.0205128   0.819444  0.0400237
      0.56  0.0174566    0.80597  0.0341731
      0.57   0.015799   0.793103  0.0309809
      0.58   0.013986       0.78  0.0274793
      0.59  0.0111888   0.785714  0.0220634
       0.6 0.00901321   0.794118  0.0178241
      0.61 0.00808081        0.8      0.016
      0.62  0.0048174      0.875 0.00958205
      0.63  0.0040922          1 0.00815105
      0.64          0          0          0
      0.65          0          0          0
      0.66          0          0          0
      0.67          0          0          0
      0.68          0          0          0
      0.69          0          0          0
       0.7          0          0          0
      0.71          0          0          0
      0.72          0          0          0
      0.73          0          0          0
      0.74          0          0          0
      0.75          0          0          0
      0.76          0          0          0
      0.77          0          0          0
      0.78          0          0          0
      0.79          0          0          0
       0.8          0          0          0
      0.81          0          0          0
      0.82          0          0          0
      0.83          0          0          0
      0.84          0          0          0
      0.85          0          0          0
      0.86          0          0          0
      0.87          0          0          0
      0.88          0          0          0
      0.89          0          0          0
       0.9          0          0          0
      0.91          0          0          0
      0.92          0          0          0
      0.93          0          0          0
      0.94          0          0          0
      0.95          0          0          0
      0.96          0          0          0
      0.97          0          0          0
      0.98          0          0          0
      0.99          0          0          0
