         0          1   0.374026   0.544424
      0.01   0.771078   0.336742   0.468766
      0.02   0.771078   0.336756    0.46878
      0.03   0.771078    0.33683   0.468851
      0.04    0.77072     0.3372   0.469144
      0.05   0.769529   0.337354   0.469071
      0.06   0.764881   0.337999   0.468825
      0.07   0.761246   0.338478     0.4686
      0.08   0.749151   0.339185   0.466953
      0.09    0.73926   0.338333   0.464212
       0.1   0.723232   0.337998   0.460694
      0.11   0.703152   0.336665   0.455324
      0.12   0.685098    0.33376   0.448852
      0.13   0.653221    0.33071   0.439109
      0.14     0.6304   0.327584   0.431132
      0.15   0.602634   0.325512   0.422702
      0.16   0.576297   0.322037   0.413185
      0.17   0.538402   0.321151   0.402321
      0.18   0.518203   0.322225   0.397364
      0.19   0.480665   0.319076   0.383546
       0.2   0.456533   0.317051   0.374217
      0.21     0.4212   0.318611   0.362793
      0.22    0.38104   0.320738   0.348298
      0.23   0.349997   0.323769   0.336372
      0.24   0.305488   0.327165   0.315955
      0.25   0.281535   0.331747   0.304585
      0.26   0.248168   0.342605   0.287838
      0.27   0.226896   0.346955   0.274366
      0.28    0.19335   0.358002   0.251091
      0.29   0.181493   0.368172   0.243132
       0.3   0.164631   0.399091   0.233103
      0.31   0.137997   0.421697   0.207945
      0.32    0.12757   0.439962   0.197789
      0.33   0.111124   0.478161   0.180338
      0.34   0.104272   0.500645   0.172597
      0.35  0.0969433    0.54717   0.164705
      0.36  0.0880653   0.588768   0.153214
      0.37  0.0745397   0.644647   0.133628
      0.38  0.0703092   0.681122   0.127461
      0.39  0.0626229   0.718954   0.115211
       0.4  0.0610141   0.740214   0.112736
      0.41  0.0573199   0.781116   0.106802
      0.42  0.0508848   0.828729  0.0958824
      0.43   0.047131    0.82716  0.0891806
      0.44  0.0434964   0.869231  0.0828471
      0.45  0.0398618   0.878261  0.0762622
      0.46  0.0353334   0.901099  0.0680004
      0.47  0.0316392     0.9125  0.0611578
      0.48  0.0268724   0.901408   0.052189
      0.49  0.0248466   0.907692  0.0483691
       0.5  0.0229399   0.945455  0.0447929
      0.51  0.0177561   0.956522  0.0348649
      0.52  0.0166835   0.948718  0.0327905
      0.53   0.012036          1  0.0237857
      0.54 0.00858011          1  0.0170142
      0.55 0.00834177          1  0.0165455
      0.56 0.00834177          1  0.0165455
      0.57 0.00822261          1  0.0163111
      0.58 0.00649467          1  0.0129055
      0.59 0.00631591          1  0.0125525
       0.6 0.00542215          1  0.0107858
      0.61 0.00506465          1  0.0100783
      0.62 0.00214503          1 0.00428087
      0.63 0.00214503          1 0.00428087
      0.64 0.00184711          1  0.0036874
      0.65 0.00184711          1  0.0036874
      0.66 0.00184711          1  0.0036874
      0.67 0.00184711          1  0.0036874
      0.68  0.0014896          1 0.00297477
      0.69  0.0014896          1 0.00297477
       0.7          0          0          0
      0.71          0          0          0
      0.72          0          0          0
      0.73          0          0          0
      0.74          0          0          0
      0.75          0          0          0
      0.76          0          0          0
      0.77          0          0          0
      0.78          0          0          0
      0.79          0          0          0
       0.8          0          0          0
      0.81          0          0          0
      0.82          0          0          0
      0.83          0          0          0
      0.84          0          0          0
      0.85          0          0          0
      0.86          0          0          0
      0.87          0          0          0
      0.88          0          0          0
      0.89          0          0          0
       0.9          0          0          0
      0.91          0          0          0
      0.92          0          0          0
      0.93          0          0          0
      0.94          0          0          0
      0.95          0          0          0
      0.96          0          0          0
      0.97          0          0          0
      0.98          0          0          0
      0.99          0          0          0
