         0          1   0.176767   0.300428
      0.01   0.972246   0.261955   0.412712
      0.02   0.972246   0.261973   0.412734
      0.03   0.972246   0.262025   0.412799
      0.04   0.972246   0.262695    0.41363
      0.05   0.972157   0.263991   0.415227
      0.06   0.971933   0.268211   0.420408
      0.07   0.970416    0.27304   0.426171
      0.08   0.963455   0.278542   0.432147
      0.09   0.945161   0.282667   0.435185
       0.1   0.909643    0.29103   0.440975
      0.11   0.885637   0.301573   0.449936
      0.12   0.881085   0.307815   0.456239
      0.13    0.85815   0.315715   0.461604
      0.14   0.828789   0.322768     0.4646
      0.15   0.802418   0.336035   0.473697
      0.16   0.792513   0.344756   0.480491
      0.17   0.782562   0.358914   0.492121
      0.18   0.779394   0.369401   0.501237
      0.19   0.770514   0.386484   0.514766
       0.2   0.768997   0.399015   0.525408
      0.21   0.762661   0.419643   0.541393
      0.22   0.760118   0.439338   0.556834
      0.23   0.759448   0.453495   0.567885
      0.24   0.757351   0.475381   0.584118
      0.25   0.756325   0.486426   0.592068
      0.26   0.754406   0.507296   0.606652
      0.27   0.753335   0.522936   0.617339
      0.28   0.748293   0.542461   0.628965
      0.29   0.743876   0.555121   0.635785
       0.3   0.742537   0.578401   0.650271
      0.31   0.738298   0.601928   0.663175
      0.32   0.734728   0.615561   0.669886
      0.33   0.733658   0.636556   0.681666
      0.34   0.731962   0.649703   0.688384
      0.35    0.72866   0.667103   0.696524
      0.36   0.727589   0.680909   0.703475
      0.37   0.725715   0.697336   0.711242
      0.38   0.720896   0.709191   0.714996
      0.39   0.718263    0.73035   0.724256
       0.4   0.709071   0.741324   0.724839
      0.41   0.706126   0.763304   0.733603
      0.42   0.695998   0.781794   0.736405
      0.43   0.692651   0.793738   0.739757
      0.44   0.688903    0.81102    0.74499
      0.45   0.684575   0.820371   0.746346
      0.46   0.681987   0.838898   0.752348
      0.47   0.674044   0.844113   0.749553
      0.48   0.657222   0.853357   0.742556
      0.49   0.646379   0.860767   0.738325
       0.5   0.627103    0.86795   0.728126
      0.51   0.610013   0.871904   0.717817
      0.52   0.590469   0.875282   0.705204
      0.53   0.554995   0.879409   0.680517
      0.54   0.536344    0.88189   0.667021
      0.55   0.496943   0.891197   0.638083
      0.56   0.471108   0.896478    0.61764
      0.57   0.425461   0.901324   0.578056
      0.58   0.403909   0.903394   0.558232
      0.59    0.37321    0.90118   0.527828
       0.6   0.349427    0.89644   0.502847
      0.61   0.311633   0.896686   0.462521
      0.62   0.280755   0.895928   0.427534
      0.63   0.249253   0.904884   0.390846
      0.64   0.199813    0.89881   0.326943
      0.65   0.187854   0.900641   0.310868
      0.66   0.154032   0.900398   0.263061
      0.67   0.127437    0.90708   0.223478
      0.68   0.114185    0.91623   0.203063
      0.69   0.102405   0.921569   0.184328
       0.7  0.0793807   0.957627   0.146608
      0.71  0.0694748   0.970874   0.129671
      0.72  0.0599706   0.966667   0.112935
      0.73  0.0505555   0.957746  0.0960414
      0.74  0.0382848   0.955556  0.0736199
      0.75  0.0179822   0.882353  0.0352462
      0.76 0.00749632       0.75  0.0148443
      0.77 0.00566686        0.6  0.0112277
      0.78 0.00312347        0.5 0.00620815
      0.79          0          0          0
       0.8          0          0          0
      0.81          0          0          0
      0.82          0          0          0
      0.83          0          0          0
      0.84          0          0          0
      0.85          0          0          0
      0.86          0          0          0
      0.87          0          0          0
      0.88          0          0          0
      0.89          0          0          0
       0.9          0          0          0
      0.91          0          0          0
      0.92          0          0          0
      0.93          0          0          0
      0.94          0          0          0
      0.95          0          0          0
      0.96          0          0          0
      0.97          0          0          0
      0.98          0          0          0
      0.99          0          0          0
