         0          1   0.361785    0.53134
      0.01   0.972926   0.398779   0.565694
      0.02   0.972926   0.398835    0.56575
      0.03   0.972895   0.399174   0.566085
      0.04   0.972115   0.401601   0.568388
      0.05   0.970274   0.406048   0.572508
      0.06   0.962009   0.421655   0.586322
      0.07   0.952745   0.436343   0.598556
      0.08    0.92932   0.464004   0.618964
      0.09   0.904991   0.485944   0.632345
       0.1   0.862913   0.518903   0.648086
      0.11   0.817686   0.555322   0.661437
      0.12   0.780443   0.578436   0.664424
      0.13   0.734779   0.616199   0.670285
      0.14    0.70025   0.638228   0.667802
      0.15   0.653182    0.67293   0.662909
      0.16   0.620774   0.698871   0.657511
      0.17   0.577324   0.736166    0.64714
      0.18   0.547162   0.758697   0.635796
      0.19   0.508609   0.786593    0.61777
       0.2    0.48403   0.802772   0.603925
      0.21   0.453088   0.827882   0.585655
      0.22    0.41806   0.856125   0.561789
      0.23   0.394573   0.869318   0.542783
      0.24     0.3665   0.893443   0.519781
      0.25    0.35078   0.909494    0.50629
      0.26   0.326762   0.924807   0.482901
      0.27   0.308484   0.941489   0.464705
      0.28   0.299657   0.953009   0.455949
      0.29   0.278852   0.961062   0.432279
       0.3   0.265783   0.968147   0.417069
      0.31   0.251404   0.974816    0.39972
      0.32   0.241797   0.974725   0.387474
      0.33   0.226981   0.987995   0.369153
      0.34   0.219775   0.992443    0.35986
      0.35    0.21126   0.994652     0.3485
      0.36   0.206613   0.995873   0.342224
      0.37   0.192639    0.99711   0.322895
      0.38   0.189613   0.997006   0.318629
      0.39   0.181285    0.99683   0.306779
       0.4   0.176638   0.996694   0.300092
      0.41   0.168185   0.998185   0.287867
      0.42   0.157112   0.998028   0.271485
      0.43   0.154024          1   0.266933
      0.44    0.14476          1   0.252909
      0.45   0.142171          1   0.248949
      0.46   0.136868          1   0.240781
      0.47   0.135621          1   0.238849
      0.48   0.129975          1   0.230049
      0.49   0.128509          1    0.22775
       0.5   0.119682          1   0.213778
      0.51   0.114192          1   0.204977
      0.52   0.110761          1   0.199433
      0.53   0.105459          1   0.190796
      0.54   0.100811          1   0.183158
      0.55  0.0961323          1   0.175403
      0.56  0.0936681          1   0.171292
      0.57   0.090549          1   0.166061
      0.58  0.0842483          1   0.155404
      0.59  0.0784467          1   0.145481
       0.6  0.0758266          1   0.140964
      0.61  0.0683094          1   0.127883
      0.62  0.0606987          1    0.11445
      0.63  0.0578291          1   0.109335
      0.64  0.0489395          1  0.0933123
      0.65  0.0465066          1  0.0888796
      0.66  0.0444791          1  0.0851699
      0.67  0.0427324          1  0.0819623
      0.68  0.0365565          1  0.0705344
      0.69  0.0341547          1  0.0660534
       0.7   0.024922          1   0.048632
      0.71  0.0203369          1   0.039863
      0.72  0.0161572          1  0.0318006
      0.73  0.0127573          1  0.0251933
      0.74  0.0106675          1  0.0211098
      0.75 0.00757954          1   0.015045
      0.76 0.00583281          1   0.011598
      0.77 0.00520898          1   0.010364
      0.78 0.00505303          1  0.0100552
      0.79 0.00296319          1 0.00590888
       0.8 0.00262009          1 0.00522648
      0.81          0          0          0
      0.82          0          0          0
      0.83          0          0          0
      0.84          0          0          0
      0.85          0          0          0
      0.86          0          0          0
      0.87          0          0          0
      0.88          0          0          0
      0.89          0          0          0
       0.9          0          0          0
      0.91          0          0          0
      0.92          0          0          0
      0.93          0          0          0
      0.94          0          0          0
      0.95          0          0          0
      0.96          0          0          0
      0.97          0          0          0
      0.98          0          0          0
      0.99          0          0          0
