         0          1   0.298178   0.459379
      0.01   0.945373   0.316414   0.474136
      0.02   0.944683   0.316424    0.47406
      0.03     0.9441   0.316775    0.47438
      0.04   0.942509   0.319905   0.477678
      0.05   0.939486   0.326742   0.484857
      0.06    0.92628   0.351252   0.509353
      0.07    0.91912   0.374131   0.531793
      0.08   0.889048   0.412547   0.563576
      0.09   0.862583   0.440847   0.583486
       0.1   0.816282   0.483505   0.607294
      0.11   0.760806   0.522938   0.619835
      0.12   0.728878   0.548374   0.625871
      0.13   0.665924   0.583417   0.621946
      0.14   0.630072   0.614714   0.622298
      0.15   0.576664   0.647164   0.609883
      0.16   0.542668   0.675399   0.601802
      0.17   0.503474   0.710673   0.589394
      0.18   0.481729   0.735084   0.582031
      0.19   0.444922   0.766239   0.562958
       0.2    0.42026   0.783011   0.546956
      0.21   0.383824   0.800395   0.518841
      0.22   0.347176    0.81802   0.487466
      0.23   0.324901    0.83245   0.467384
      0.24   0.300345   0.852053   0.444134
      0.25     0.2821   0.862039   0.425091
      0.26   0.259719   0.879919    0.40106
      0.27   0.247308   0.883592   0.386453
      0.28   0.225298   0.902116   0.360551
      0.29   0.203606   0.901235   0.332169
       0.3   0.178892   0.918715    0.29947
      0.31   0.159958   0.953596   0.273961
      0.32   0.158366   0.968523   0.272221
      0.33    0.14829   0.974026   0.257393
      0.34   0.147441   0.983914   0.256452
      0.35    0.13816    0.99435    0.24261
      0.36   0.134553   0.997076   0.237109
      0.37   0.133811          1   0.236037
      0.38   0.132326          1   0.233724
      0.39   0.126067          1   0.223907
       0.4   0.124688          1    0.22173
      0.41   0.119226          1    0.21305
      0.42   0.117953          1   0.211016
      0.43   0.115884          1     0.2077
      0.44   0.110263          1   0.198624
      0.45    0.10708          1   0.193446
      0.46   0.103156          1   0.187019
      0.47  0.0973747          1   0.177468
      0.48  0.0938213          1   0.171548
      0.49  0.0886237          1   0.162818
       0.5  0.0791832          1   0.146747
      0.51  0.0762662          1   0.141724
      0.52  0.0757889          1   0.140899
      0.53  0.0732962          1   0.136582
      0.54  0.0708565          1   0.132336
      0.55  0.0660302          1   0.123881
      0.56  0.0645452          1   0.121263
      0.57  0.0600902          1   0.113368
      0.58  0.0568549          1   0.107593
      0.59    0.04524          1  0.0865638
       0.6  0.0391408          1   0.075333
      0.61  0.0298595          1  0.0579874
      0.62   0.027791          1  0.0540792
      0.63  0.0241846          1   0.047227
      0.64  0.0213206          1  0.0417511
      0.65  0.0182445          1  0.0358352
      0.66  0.0158579          1  0.0312206
      0.67  0.0127287          1  0.0251375
      0.68  0.0112437          1  0.0222374
      0.69 0.00965261          1  0.0191207
       0.7 0.00594007          1    0.01181
      0.71 0.00323522          1 0.00644957
      0.72 0.00259878          1 0.00518409
      0.73          0          0          0
      0.74          0          0          0
      0.75          0          0          0
      0.76          0          0          0
      0.77          0          0          0
      0.78          0          0          0
      0.79          0          0          0
       0.8          0          0          0
      0.81          0          0          0
      0.82          0          0          0
      0.83          0          0          0
      0.84          0          0          0
      0.85          0          0          0
      0.86          0          0          0
      0.87          0          0          0
      0.88          0          0          0
      0.89          0          0          0
       0.9          0          0          0
      0.91          0          0          0
      0.92          0          0          0
      0.93          0          0          0
      0.94          0          0          0
      0.95          0          0          0
      0.96          0          0          0
      0.97          0          0          0
      0.98          0          0          0
      0.99          0          0          0
