         0          1   0.242084   0.389803
      0.01   0.991692   0.279914   0.436595
      0.02   0.991692   0.280088   0.436806
      0.03   0.991692   0.281224   0.438187
      0.04   0.991573   0.289478    0.44813
      0.05   0.990019   0.304153   0.465344
      0.06   0.986253   0.336984   0.502331
      0.07   0.978184   0.366987   0.533732
      0.08   0.955771   0.415599   0.579301
      0.09   0.925587   0.450034   0.605611
       0.1   0.883808   0.494137   0.633875
      0.11     0.8394   0.534279   0.652953
      0.12   0.792899   0.555825   0.653526
      0.13   0.731815   0.588794    0.65256
      0.14    0.67868   0.604651   0.639531
      0.15   0.590879    0.63313   0.611275
      0.16   0.544259   0.655413   0.594687
      0.17   0.470922   0.682801   0.557406
      0.18   0.420656   0.695744   0.524308
      0.19   0.378818   0.719309   0.496276
       0.2   0.345825   0.732192   0.469771
      0.21   0.315343   0.759007   0.445567
      0.22   0.291375   0.779113   0.424132
      0.23   0.271054   0.791107   0.403767
      0.24   0.251509    0.82473   0.385467
      0.25   0.235192   0.840696   0.367557
      0.26    0.21511   0.864217   0.344477
      0.27   0.197418   0.879159   0.322433
      0.28   0.182476    0.87751   0.302125
      0.29   0.168549   0.890661   0.283457
       0.3   0.143805   0.901907   0.248058
      0.31   0.126472   0.917981   0.222315
      0.32   0.116132   0.917266   0.206162
      0.33  0.0943159   0.924051   0.171162
      0.34  0.0892953   0.930233   0.162949
      0.35   0.065806    0.95858   0.123157
      0.36  0.0573187   0.958904   0.108172
      0.37  0.0374753   0.966667  0.0721535
      0.38  0.0322156   0.971698  0.0623637
      0.39   0.028749   0.989362  0.0558744
       0.4  0.0274939          1  0.0535164
      0.41  0.0237284          1  0.0463568
      0.42  0.0196641          1  0.0385698
      0.43   0.017094          1  0.0336134
      0.44  0.0128504          1  0.0253747
      0.45 0.00908493          1  0.0180063
      0.46 0.00508039          1  0.0101094
      0.47 0.00490108          1 0.00975436
      0.48 0.00412408          1 0.00821429
      0.49 0.00406431          1 0.00809572
       0.5 0.00322754          1 0.00643432
      0.51   0.003108          1 0.00619675
      0.52   0.002331          1 0.00465116
      0.53 0.000956309          1 0.00191079
      0.54          0          0          0
      0.55          0          0          0
      0.56          0          0          0
      0.57          0          0          0
      0.58          0          0          0
      0.59          0          0          0
       0.6          0          0          0
      0.61          0          0          0
      0.62          0          0          0
      0.63          0          0          0
      0.64          0          0          0
      0.65          0          0          0
      0.66          0          0          0
      0.67          0          0          0
      0.68          0          0          0
      0.69          0          0          0
       0.7          0          0          0
      0.71          0          0          0
      0.72          0          0          0
      0.73          0          0          0
      0.74          0          0          0
      0.75          0          0          0
      0.76          0          0          0
      0.77          0          0          0
      0.78          0          0          0
      0.79          0          0          0
       0.8          0          0          0
      0.81          0          0          0
      0.82          0          0          0
      0.83          0          0          0
      0.84          0          0          0
      0.85          0          0          0
      0.86          0          0          0
      0.87          0          0          0
      0.88          0          0          0
      0.89          0          0          0
       0.9          0          0          0
      0.91          0          0          0
      0.92          0          0          0
      0.93          0          0          0
      0.94          0          0          0
      0.95          0          0          0
      0.96          0          0          0
      0.97          0          0          0
      0.98          0          0          0
      0.99          0          0          0
