         0          1   0.319512   0.484288
      0.01   0.925897   0.301904   0.455338
      0.02   0.925685   0.301876    0.45528
      0.03   0.925472   0.301784    0.45515
      0.04   0.923349   0.300632   0.453583
      0.05   0.920306   0.299653   0.452101
      0.06   0.907778   0.296418   0.446906
      0.07   0.892632    0.29347   0.441718
      0.08   0.859296   0.288279   0.431722
      0.09   0.824191   0.285749   0.424369
       0.1    0.77302   0.279756   0.410832
      0.11   0.693821    0.27643   0.395347
      0.12   0.653125    0.27496   0.386998
      0.13   0.576828   0.270421   0.368219
      0.14   0.543492   0.269939   0.360718
      0.15   0.472857   0.262426    0.33753
      0.16   0.423597   0.255683   0.318887
      0.17   0.370373   0.247549   0.296754
      0.18    0.32175   0.238116   0.273686
      0.19   0.257768   0.233454   0.245009
       0.2   0.224503   0.228087   0.226281
      0.21    0.18777   0.222407   0.203626
      0.22   0.158044   0.218634   0.183466
      0.23   0.143959   0.216709   0.172997
      0.24   0.120603   0.215718   0.154711
      0.25   0.107014    0.20778   0.141269
      0.26  0.0897445   0.206897   0.125187
      0.27  0.0741029   0.196106   0.107561
      0.28  0.0607262    0.19469  0.0925766
      0.29  0.0433152   0.169388  0.0689888
       0.3  0.0239224   0.143223  0.0409971
      0.31  0.0177649   0.134021  0.0313714
      0.32  0.0132352   0.123016  0.0238991
      0.33  0.0117489   0.124324  0.0214689
      0.34 0.00714842   0.131579  0.0135601
      0.35 0.00488357   0.110092 0.00935229
      0.36 0.00474202   0.106383 0.00907933
      0.37 0.00445891   0.111111 0.00857376
      0.38 0.00445891   0.112903 0.00857902
      0.39  0.0012032  0.0769231 0.00236934
       0.4 0.000566211  0.0666667 0.00112289
      0.41 0.000566211   0.047619 0.00111912
      0.42          0          0          0
      0.43          0          0          0
      0.44          0          0          0
      0.45          0          0          0
      0.46          0          0          0
      0.47          0          0          0
      0.48          0          0          0
      0.49          0          0          0
       0.5          0          0          0
      0.51          0          0          0
      0.52          0          0          0
      0.53          0          0          0
      0.54          0          0          0
      0.55          0          0          0
      0.56          0          0          0
      0.57          0          0          0
      0.58          0          0          0
      0.59          0          0          0
       0.6          0          0          0
      0.61          0          0          0
      0.62          0          0          0
      0.63          0          0          0
      0.64          0          0          0
      0.65          0          0          0
      0.66          0          0          0
      0.67          0          0          0
      0.68          0          0          0
      0.69          0          0          0
       0.7          0          0          0
      0.71          0          0          0
      0.72          0          0          0
      0.73          0          0          0
      0.74          0          0          0
      0.75          0          0          0
      0.76          0          0          0
      0.77          0          0          0
      0.78          0          0          0
      0.79          0          0          0
       0.8          0          0          0
      0.81          0          0          0
      0.82          0          0          0
      0.83          0          0          0
      0.84          0          0          0
      0.85          0          0          0
      0.86          0          0          0
      0.87          0          0          0
      0.88          0          0          0
      0.89          0          0          0
       0.9          0          0          0
      0.91          0          0          0
      0.92          0          0          0
      0.93          0          0          0
      0.94          0          0          0
      0.95          0          0          0
      0.96          0          0          0
      0.97          0          0          0
      0.98          0          0          0
      0.99          0          0          0
