         0          1   0.384732   0.555677
      0.01   0.875974   0.449966   0.594535
      0.02   0.875802   0.450464   0.594929
      0.03    0.87437   0.452981   0.596787
      0.04   0.868813   0.470319   0.610274
      0.05   0.854835   0.488859   0.622007
      0.06    0.82602   0.524527   0.641621
      0.07   0.789643   0.547871   0.646905
      0.08   0.739173   0.587618    0.65474
      0.09   0.708009   0.612798   0.656971
       0.1   0.650951   0.645166   0.648045
      0.11    0.59418   0.678541   0.633564
      0.12   0.542564   0.693828   0.608943
      0.13   0.471357   0.714837   0.568108
      0.14   0.435552   0.721493    0.54319
      0.15   0.379468   0.729236   0.499181
      0.16   0.339425   0.727742   0.462934
      0.17   0.297605   0.738308   0.424214
      0.18   0.279445   0.746828    0.40671
      0.19   0.244271   0.755352   0.369161
       0.2   0.218435   0.761484   0.339487
      0.21   0.181657   0.761033   0.293303
      0.22    0.16407   0.761724   0.269986
      0.23   0.155305   0.760055    0.25791
      0.24   0.134624   0.765494   0.228979
      0.25   0.124599   0.767308   0.214385
      0.26   0.115949   0.763514   0.201324
      0.27   0.103918   0.750623   0.182562
      0.28  0.0948098   0.750716   0.168357
      0.29  0.0869042   0.757962    0.15593
       0.3  0.0820348   0.779026   0.148438
      0.31  0.0699473     0.8125   0.128806
      0.32  0.0673694   0.811881   0.124415
      0.33  0.0596357   0.843931   0.111399
      0.34  0.0543653   0.867925   0.102321
      0.35  0.0506416   0.869565  0.0957093
      0.36  0.0474908      0.896  0.0902007
      0.37  0.0406164       0.94  0.0778682
      0.38   0.039528   0.956044  0.0759171
      0.39  0.0373511    0.95122  0.0718796
       0.4  0.0351169   0.957143  0.0677481
      0.41  0.0269248   0.942308  0.0523538
      0.42  0.0233158       0.95  0.0455145
      0.43  0.0193057   0.969697  0.0378577
      0.44  0.0142071          1  0.0280163
      0.45   0.013577          1  0.0267903
      0.46  0.0102544          1  0.0203005
      0.47  0.0102544          1  0.0203005
      0.48 0.00549954          1  0.0109389
      0.49 0.00234876          1 0.00468652
       0.5 0.00234876          1 0.00468652
      0.51 0.00166132          1 0.00331713
      0.52 0.00166132          1 0.00331713
      0.53          0          0          0
      0.54          0          0          0
      0.55          0          0          0
      0.56          0          0          0
      0.57          0          0          0
      0.58          0          0          0
      0.59          0          0          0
       0.6          0          0          0
      0.61          0          0          0
      0.62          0          0          0
      0.63          0          0          0
      0.64          0          0          0
      0.65          0          0          0
      0.66          0          0          0
      0.67          0          0          0
      0.68          0          0          0
      0.69          0          0          0
       0.7          0          0          0
      0.71          0          0          0
      0.72          0          0          0
      0.73          0          0          0
      0.74          0          0          0
      0.75          0          0          0
      0.76          0          0          0
      0.77          0          0          0
      0.78          0          0          0
      0.79          0          0          0
       0.8          0          0          0
      0.81          0          0          0
      0.82          0          0          0
      0.83          0          0          0
      0.84          0          0          0
      0.85          0          0          0
      0.86          0          0          0
      0.87          0          0          0
      0.88          0          0          0
      0.89          0          0          0
       0.9          0          0          0
      0.91          0          0          0
      0.92          0          0          0
      0.93          0          0          0
      0.94          0          0          0
      0.95          0          0          0
      0.96          0          0          0
      0.97          0          0          0
      0.98          0          0          0
      0.99          0          0          0
