         0          1   0.289124   0.448559
      0.01   0.966398   0.430493   0.595648
      0.02   0.966398   0.430609   0.595759
      0.03   0.966398   0.430978   0.596112
      0.04   0.966253   0.433308   0.598309
      0.05    0.96572   0.437765   0.602441
      0.06   0.959222   0.449096   0.611769
      0.07   0.952725   0.459354   0.619849
      0.08   0.940264   0.476896   0.632827
      0.09   0.932991   0.493848   0.645841
       0.1   0.924118   0.518398   0.664202
      0.11   0.910929   0.540352   0.678328
      0.12   0.899825   0.554582   0.686227
      0.13   0.883582   0.577495   0.698477
      0.14   0.876115   0.596074    0.70946
      0.15   0.861424   0.621152   0.721818
      0.16   0.849011   0.634921   0.726522
      0.17   0.821907    0.65574    0.72948
      0.18   0.808766    0.66964   0.732657
      0.19   0.786414   0.695224   0.738013
       0.2    0.76891   0.713017    0.73991
      0.21   0.742581   0.736114   0.739334
      0.22   0.725756   0.756098   0.740616
      0.23   0.715186   0.770961   0.742027
      0.24   0.699525   0.799067    0.74599
      0.25   0.684203   0.813244   0.743163
      0.26   0.658893   0.831111   0.735049
      0.27   0.642989   0.842121   0.729204
      0.28   0.619182   0.860927   0.720312
      0.29   0.599641   0.868095   0.709318
       0.3   0.575785   0.876996   0.695165
      0.31   0.564149   0.888077   0.689986
      0.32   0.550863   0.888575   0.680103
      0.33   0.528898   0.889892    0.66347
      0.34   0.512219   0.891648   0.650658
      0.35   0.476581   0.891773   0.621187
      0.36   0.455101   0.889974   0.602239
      0.37   0.417717   0.889944   0.568565
      0.38   0.398371   0.892793   0.550918
      0.39   0.367775   0.896753   0.521623
       0.4   0.335968   0.899306   0.489184
      0.41   0.304209   0.902421   0.455027
      0.42   0.287626   0.909683   0.437061
      0.43   0.271043   0.912021   0.417893
      0.44   0.257564   0.917546   0.402221
      0.45     0.2404   0.919171   0.381121
      0.46   0.219647    0.92849   0.355254
      0.47   0.205974   0.934889   0.337573
      0.48   0.182506   0.950276   0.306204
      0.49   0.169414   0.956204   0.287832
       0.5   0.154335   0.962295   0.266007
      0.51   0.139255   0.986916   0.244072
      0.52   0.127812   0.989837   0.226392
      0.53   0.116224    0.99093   0.208046
      0.54   0.101047   0.992462    0.18342
      0.55  0.0904771    0.99422    0.16586
      0.56  0.0790826   0.993528   0.146504
      0.57  0.0630818   0.992424   0.118624
      0.58  0.0554209   0.991189   0.104972
      0.59  0.0381109          1  0.0734236
       0.6  0.0261831          1  0.0510301
      0.61  0.0198313          1  0.0388913
      0.62  0.0137704          1  0.0271666
      0.63  0.0109096          1  0.0215838
      0.64 0.00853375          1  0.0169231
      0.65  0.0079519          1  0.0157783
      0.66 0.00693367          1  0.0137718
      0.67 0.00547905          1  0.0108984
      0.68 0.00140613          1 0.00280831
      0.69 0.00130915          1 0.00261489
       0.7 0.00106672          1 0.00213116
      0.71          0          0          0
      0.72          0          0          0
      0.73          0          0          0
      0.74          0          0          0
      0.75          0          0          0
      0.76          0          0          0
      0.77          0          0          0
      0.78          0          0          0
      0.79          0          0          0
       0.8          0          0          0
      0.81          0          0          0
      0.82          0          0          0
      0.83          0          0          0
      0.84          0          0          0
      0.85          0          0          0
      0.86          0          0          0
      0.87          0          0          0
      0.88          0          0          0
      0.89          0          0          0
       0.9          0          0          0
      0.91          0          0          0
      0.92          0          0          0
      0.93          0          0          0
      0.94          0          0          0
      0.95          0          0          0
      0.96          0          0          0
      0.97          0          0          0
      0.98          0          0          0
      0.99          0          0          0
