         0          1   0.108911   0.196429
      0.01   0.985917   0.189339   0.317671
      0.02   0.985917   0.189428   0.317796
      0.03   0.985917   0.189962   0.318548
      0.04   0.985381   0.193954   0.324112
      0.05   0.982698   0.201603   0.334568
      0.06   0.973981   0.215363   0.352731
      0.07   0.966336   0.225999   0.366325
      0.08   0.952521   0.242882   0.387066
      0.09   0.939109   0.253455   0.399177
       0.1   0.898471   0.265296   0.409636
      0.11   0.860917   0.280141   0.422727
      0.12   0.822157   0.287621   0.426156
      0.13   0.725188   0.302731   0.427148
      0.14   0.652897   0.310311    0.42068
      0.15   0.565048   0.324308   0.412095
      0.16   0.528433   0.335119   0.410138
      0.17    0.47103   0.342335   0.396501
      0.18   0.430928   0.348827   0.385555
      0.19      0.375   0.355614    0.36505
       0.2   0.335032   0.358633   0.346431
      0.21    0.29882   0.372456   0.331599
      0.22   0.263546    0.37325   0.308949
      0.23   0.245708   0.371599   0.295817
      0.24   0.213788   0.368224   0.270516
      0.25   0.192999   0.351515   0.249184
      0.26   0.143777   0.342952   0.202612
      0.27   0.139351   0.346558   0.198774
      0.28   0.128353   0.341401   0.186565
      0.29    0.12044      0.332   0.176757
       0.3   0.104748   0.317852   0.157569
      0.31  0.0906652   0.299363   0.139179
      0.32  0.0854345   0.287145   0.131688
      0.33  0.0696084   0.272072   0.110855
      0.34  0.0674624   0.268714   0.107849
      0.35  0.0594152    0.24948  0.0959737
      0.36  0.0552575   0.233766   0.089386
      0.37  0.0426502   0.214976  0.0711789
      0.38  0.0406384   0.211196  0.0681612
      0.39  0.0358101    0.17341  0.0593617
       0.4  0.0329936   0.164038  0.0549374
      0.41  0.0244099   0.143369   0.041717
      0.42  0.0147532   0.106719  0.0259228
      0.43  0.0143509  0.0995851  0.0250866
      0.44 0.00791309  0.0747664  0.0143115
      0.45 0.00657189  0.0742574  0.0120751
      0.46 0.00442597  0.0578947 0.00822327
      0.47 0.00442597  0.0621469 0.00826343
      0.48 0.00429185   0.060241 0.00801282
      0.49 0.00415773     0.0625 0.00779678
       0.5 0.00241416  0.0569106 0.00463184
      0.51 0.00214592  0.0505051 0.00411692
      0.52 0.00214592  0.0561798 0.00413394
      0.53 0.00174356  0.0526316 0.00337531
      0.54 0.00174356  0.0597015 0.00338817
      0.55  0.0013412  0.0517241 0.00261461
      0.56  0.0013412  0.0535714 0.00261689
      0.57  0.0013412  0.0408163 0.00259707
      0.58  0.0013412       0.05 0.00261233
      0.59  0.0013412  0.0571429 0.00262089
       0.6  0.0013412  0.0714286 0.00263296
      0.61  0.0013412        0.1  0.0026469
      0.62  0.0013412   0.111111 0.00265041
      0.63  0.0013412  0.0714286 0.00263296
      0.64  0.0013412  0.0714286 0.00263296
      0.65          0          0          0
      0.66          0          0          0
      0.67          0          0          0
      0.68          0          0          0
      0.69          0          0          0
       0.7          0          0          0
      0.71          0          0          0
      0.72          0          0          0
      0.73          0          0          0
      0.74          0          0          0
      0.75          0          0          0
      0.76          0          0          0
      0.77          0          0          0
      0.78          0          0          0
      0.79          0          0          0
       0.8          0          0          0
      0.81          0          0          0
      0.82          0          0          0
      0.83          0          0          0
      0.84          0          0          0
      0.85          0          0          0
      0.86          0          0          0
      0.87          0          0          0
      0.88          0          0          0
      0.89          0          0          0
       0.9          0          0          0
      0.91          0          0          0
      0.92          0          0          0
      0.93          0          0          0
      0.94          0          0          0
      0.95          0          0          0
      0.96          0          0          0
      0.97          0          0          0
      0.98          0          0          0
      0.99          0          0          0
