         0          1   0.354609   0.523559
      0.01   0.949004   0.413028    0.57556
      0.02   0.949004   0.413028    0.57556
      0.03   0.949004   0.413091    0.57562
      0.04   0.948883   0.413256   0.575758
      0.05   0.948883   0.413994   0.576475
      0.06    0.94844   0.415702   0.578046
      0.07   0.947555   0.418669   0.580742
      0.08   0.943047   0.425769   0.586668
      0.09   0.941678   0.433022   0.593245
       0.1   0.935963   0.446458   0.604546
      0.11   0.925619   0.460414   0.614946
      0.12   0.916241   0.472145   0.623167
      0.13   0.891165   0.490515   0.632751
      0.14   0.876917   0.503344   0.639576
      0.15   0.858523   0.521636   0.648964
      0.16   0.844154   0.533995   0.654173
      0.17   0.813484   0.548291   0.655065
      0.18   0.800644   0.560074   0.659093
      0.19   0.775045   0.577284   0.661705
       0.2   0.763655   0.587218   0.663914
      0.21   0.735681   0.601666   0.661959
      0.22   0.710405   0.617643   0.660784
      0.23   0.689595   0.623383    0.65482
      0.24   0.665647   0.640818   0.652997
      0.25   0.646045   0.645185   0.645615
      0.26   0.615577   0.658725    0.63642
      0.27   0.595975     0.6645   0.628375
      0.28   0.568927   0.677663   0.618553
      0.29   0.549567   0.685374   0.610003
       0.3   0.525699   0.695364   0.598744
      0.31   0.502918   0.712493   0.589637
      0.32   0.482713   0.722534   0.578764
      0.33   0.453894   0.735446   0.561344
      0.34   0.442906   0.748069   0.556392
      0.35   0.424069   0.777044   0.548692
      0.36   0.412115   0.792411   0.542229
      0.37    0.38869   0.815038    0.52636
      0.38   0.376052   0.823184   0.516262
      0.39   0.361642   0.837678   0.505186
       0.4   0.344697   0.843112   0.489335
      0.41   0.325498   0.853589   0.471283
      0.42   0.307064   0.861465   0.452748
      0.43    0.29676   0.859335   0.441168
      0.44   0.275186   0.864553   0.417487
      0.45    0.26287   0.866944   0.403418
      0.46   0.234937   0.865385   0.369548
      0.47   0.221534   0.870542   0.353188
      0.48   0.199477   0.865152   0.324203
      0.49   0.181847   0.865449   0.300545
       0.5   0.163574    0.86907   0.275327
      0.51   0.138257   0.866359    0.23846
      0.52   0.121715   0.856383   0.213137
      0.53   0.105253   0.867925   0.187738
      0.54  0.0937814   0.867159   0.169258
      0.55  0.0796539    0.86087   0.145816
      0.56   0.069833   0.861538   0.129194
      0.57  0.0549004      0.875   0.103318
      0.58  0.0434695   0.873016  0.0828154
      0.59  0.0357818   0.885714  0.0687849
       0.6  0.0317971   0.876404  0.0613678
      0.61  0.0239082        0.9  0.0465791
      0.62  0.0186355   0.933333  0.0365415
      0.63  0.0165023   0.942308  0.0324366
      0.64  0.0121151   0.948718  0.0239247
      0.65  0.0115516          1  0.0228394
      0.66  0.0111491          1  0.0220524
      0.67  0.0105856          1  0.0209495
      0.68  0.0089354          1  0.0177125
      0.69 0.00873415          1  0.0173171
       0.7 0.00804991          1  0.0159713
      0.71 0.00748642          1  0.0148616
      0.72 0.00716442          1  0.0142269
      0.73 0.00507144          1  0.0100917
      0.74 0.00458845          1 0.00913498
      0.75 0.00217348          1 0.00433752
      0.76 0.00185148          1 0.00369612
      0.77 0.00185148          1 0.00369612
      0.78 0.00144898          1 0.00289377
      0.79          0          0          0
       0.8          0          0          0
      0.81          0          0          0
      0.82          0          0          0
      0.83          0          0          0
      0.84          0          0          0
      0.85          0          0          0
      0.86          0          0          0
      0.87          0          0          0
      0.88          0          0          0
      0.89          0          0          0
       0.9          0          0          0
      0.91          0          0          0
      0.92          0          0          0
      0.93          0          0          0
      0.94          0          0          0
      0.95          0          0          0
      0.96          0          0          0
      0.97          0          0          0
      0.98          0          0          0
      0.99          0          0          0
