         0          1   0.308236   0.471224
      0.01   0.918159   0.440274   0.595159
      0.02   0.918109   0.440477   0.595333
      0.03   0.917958   0.441087   0.595858
      0.04   0.916449   0.442636   0.596951
      0.05   0.915443   0.444111   0.598076
      0.06   0.911569   0.447569   0.600366
      0.07    0.90664   0.451292   0.602621
      0.08   0.895322   0.453842   0.602351
      0.09   0.877565   0.456346    0.60045
       0.1    0.85498   0.459746   0.597955
      0.11   0.829477   0.460332    0.59208
      0.12    0.80166   0.461418   0.585713
      0.13   0.764688    0.46102   0.575237
      0.14   0.737123   0.458464   0.565319
      0.15   0.708501   0.454096   0.553464
      0.16   0.693461   0.453089   0.548078
      0.17   0.663431   0.443876   0.531887
      0.18   0.640091   0.439373   0.521071
      0.19   0.596831   0.432251    0.50138
       0.2    0.56997   0.428122   0.488966
      0.21   0.523994   0.423802   0.468603
      0.22   0.472736   0.418622   0.444037
      0.23   0.440895   0.419348   0.429852
      0.24   0.405734   0.427184   0.416183
      0.25   0.367455   0.432906   0.397504
      0.26    0.32998   0.446357   0.379446
      0.27   0.315795   0.463627   0.375691
      0.28   0.281791   0.496003   0.359399
      0.29   0.254225   0.515896   0.340606
       0.3   0.237324   0.540664   0.329857
      0.31   0.218209   0.566804   0.315108
      0.32   0.202716   0.590661    0.30184
      0.33   0.188078   0.629318   0.289605
      0.34   0.180684    0.64638   0.282422
      0.35   0.164034     0.6658   0.263219
      0.36   0.156288   0.676514   0.253916
      0.37   0.132847   0.693989   0.223005
      0.38   0.124698   0.700205   0.211696
      0.39     0.1084   0.733167   0.188875
       0.4   0.104427   0.754286   0.183455
      0.41  0.0882797   0.760714     0.1582
      0.42  0.0700704   0.759657   0.128306
      0.43  0.0644869   0.778894   0.119112
      0.44  0.0537726   0.789474   0.100687
      0.45  0.0505533    0.79845  0.0950863
      0.46  0.0403924   0.825581  0.0770166
      0.47  0.0267103   0.820896  0.0517371
      0.48  0.0224346   0.884615  0.0437594
      0.49  0.0198692       0.95  0.0389243
       0.5  0.0167505   0.967742   0.032931
      0.51  0.0145875          1  0.0287556
      0.52  0.0130282          1  0.0257212
      0.53 0.00598592          1  0.0119006
      0.54 0.00326962          1 0.00651792
      0.55   0.002666          1 0.00531781
      0.56 0.000452716          1 0.000905023
      0.57          0          0          0
      0.58          0          0          0
      0.59          0          0          0
       0.6          0          0          0
      0.61          0          0          0
      0.62          0          0          0
      0.63          0          0          0
      0.64          0          0          0
      0.65          0          0          0
      0.66          0          0          0
      0.67          0          0          0
      0.68          0          0          0
      0.69          0          0          0
       0.7          0          0          0
      0.71          0          0          0
      0.72          0          0          0
      0.73          0          0          0
      0.74          0          0          0
      0.75          0          0          0
      0.76          0          0          0
      0.77          0          0          0
      0.78          0          0          0
      0.79          0          0          0
       0.8          0          0          0
      0.81          0          0          0
      0.82          0          0          0
      0.83          0          0          0
      0.84          0          0          0
      0.85          0          0          0
      0.86          0          0          0
      0.87          0          0          0
      0.88          0          0          0
      0.89          0          0          0
       0.9          0          0          0
      0.91          0          0          0
      0.92          0          0          0
      0.93          0          0          0
      0.94          0          0          0
      0.95          0          0          0
      0.96          0          0          0
      0.97          0          0          0
      0.98          0          0          0
      0.99          0          0          0
