         0          1   0.363236   0.532903
      0.01     0.9783   0.351921   0.517635
      0.02     0.9783   0.351887   0.517598
      0.03   0.977568   0.352251   0.517889
      0.04   0.976578    0.35414   0.519788
      0.05   0.973306   0.356792   0.522169
      0.06   0.962929   0.361182   0.525323
      0.07   0.945707   0.364947   0.526657
      0.08   0.886937   0.371793   0.523952
      0.09   0.835185    0.37284   0.515536
       0.1   0.735598   0.384453   0.504983
      0.11   0.649703   0.406788   0.500319
      0.12   0.591105   0.424121    0.49388
      0.13   0.523594    0.46061   0.490087
      0.14   0.489624   0.484972   0.487287
      0.15   0.432102   0.530103   0.476112
      0.16   0.402308   0.557877    0.46749
      0.17   0.368509    0.59773   0.455931
      0.18   0.345733   0.628853    0.44617
      0.19   0.320804   0.664851   0.432782
       0.2   0.306424   0.691781   0.424719
      0.21   0.279902   0.716488   0.402546
      0.22   0.257384   0.736801     0.3815
      0.23   0.246835   0.743151   0.370583
      0.24   0.236072   0.751434   0.359273
      0.25   0.222725   0.752844   0.343752
      0.26   0.212822   0.765389    0.33304
      0.27   0.200121   0.776786   0.318251
      0.28   0.188194   0.786127   0.303688
      0.29   0.178205   0.793375   0.291039
       0.3    0.16051   0.815838   0.268245
      0.31   0.141393   0.834061   0.241796
      0.32   0.133557   0.857143   0.231104
      0.33   0.119564   0.874636   0.210371
      0.34   0.103935   0.888136   0.186093
      0.35  0.0946353   0.931624   0.171817
      0.36  0.0790924   0.938462   0.145889
      0.37  0.0711702   0.955975   0.132478
      0.38  0.0673383   0.964789    0.12589
      0.39  0.0490829   0.973214  0.0934527
       0.4  0.0437441   0.978723  0.0837452
      0.41    0.03199   0.969697  0.0619367
      0.42  0.0237234   0.980392  0.0463258
      0.43  0.0193318          1  0.0379303
      0.44  0.0152415          1  0.0300254
      0.45  0.0151554          1  0.0298583
      0.46  0.0128735          1  0.0254198
      0.47  0.0114957          1  0.0227302
      0.48 0.00727633          1  0.0144475
      0.49 0.00180832          1 0.00361011
       0.5  0.0016361          1 0.00326685
      0.51  0.0016361          1 0.00326685
      0.52          0          0          0
      0.53          0          0          0
      0.54          0          0          0
      0.55          0          0          0
      0.56          0          0          0
      0.57          0          0          0
      0.58          0          0          0
      0.59          0          0          0
       0.6          0          0          0
      0.61          0          0          0
      0.62          0          0          0
      0.63          0          0          0
      0.64          0          0          0
      0.65          0          0          0
      0.66          0          0          0
      0.67          0          0          0
      0.68          0          0          0
      0.69          0          0          0
       0.7          0          0          0
      0.71          0          0          0
      0.72          0          0          0
      0.73          0          0          0
      0.74          0          0          0
      0.75          0          0          0
      0.76          0          0          0
      0.77          0          0          0
      0.78          0          0          0
      0.79          0          0          0
       0.8          0          0          0
      0.81          0          0          0
      0.82          0          0          0
      0.83          0          0          0
      0.84          0          0          0
      0.85          0          0          0
      0.86          0          0          0
      0.87          0          0          0
      0.88          0          0          0
      0.89          0          0          0
       0.9          0          0          0
      0.91          0          0          0
      0.92          0          0          0
      0.93          0          0          0
      0.94          0          0          0
      0.95          0          0          0
      0.96          0          0          0
      0.97          0          0          0
      0.98          0          0          0
      0.99          0          0          0
