         0          1   0.164811   0.282983
      0.01   0.981233   0.188322   0.315997
      0.02   0.981233   0.188799   0.316667
      0.03   0.980947   0.191114   0.319902
      0.04   0.979613   0.203872   0.337504
      0.05   0.969134   0.219953   0.358534
      0.06   0.941983   0.250103   0.395262
      0.07   0.922168   0.272994   0.421276
      0.08   0.855578   0.300226   0.444482
      0.09   0.821759   0.325077   0.465864
       0.1   0.758598    0.35426   0.482974
      0.11   0.709346   0.381136   0.495849
      0.12   0.656569   0.392934   0.491639
      0.13   0.568353   0.409127   0.475771
      0.14    0.54025   0.422704   0.474303
      0.15    0.48833   0.426334   0.455231
      0.16   0.452606   0.422694   0.437139
      0.17   0.386396   0.408163   0.396982
      0.18   0.353911   0.392428   0.372176
      0.19   0.294179       0.35   0.319671
       0.2   0.264266   0.325161   0.291568
      0.21   0.217586   0.278125   0.244159
      0.22   0.176812   0.247706    0.20634
      0.23   0.139754   0.228033   0.173299
      0.24   0.107078   0.215736    0.14312
      0.25  0.0910736   0.227405    0.13006
      0.26  0.0780223   0.230769   0.116617
      0.27  0.0760217   0.240664   0.115545
      0.28   0.057826    0.24581  0.0936267
      0.29  0.0485853   0.256757  0.0817091
       0.3  0.0459179   0.264463  0.0782495
      0.31  0.0362008    0.27551  0.0639932
      0.32  0.0342955   0.302632  0.0616092
      0.33   0.029818   0.325581  0.0546326
      0.34  0.0291512   0.333333  0.0536137
      0.35  0.0122892   0.384615  0.0238174
      0.36  0.0122892   0.444444  0.0239171
      0.37  0.0122892   0.571429   0.024061
      0.38  0.0109555        0.6  0.0215181
      0.39 0.00952653          1  0.0188733
       0.4 0.00952653          1  0.0188733
      0.41          0          0          0
      0.42          0          0          0
      0.43          0          0          0
      0.44          0          0          0
      0.45          0          0          0
      0.46          0          0          0
      0.47          0          0          0
      0.48          0          0          0
      0.49          0          0          0
       0.5          0          0          0
      0.51          0          0          0
      0.52          0          0          0
      0.53          0          0          0
      0.54          0          0          0
      0.55          0          0          0
      0.56          0          0          0
      0.57          0          0          0
      0.58          0          0          0
      0.59          0          0          0
       0.6          0          0          0
      0.61          0          0          0
      0.62          0          0          0
      0.63          0          0          0
      0.64          0          0          0
      0.65          0          0          0
      0.66          0          0          0
      0.67          0          0          0
      0.68          0          0          0
      0.69          0          0          0
       0.7          0          0          0
      0.71          0          0          0
      0.72          0          0          0
      0.73          0          0          0
      0.74          0          0          0
      0.75          0          0          0
      0.76          0          0          0
      0.77          0          0          0
      0.78          0          0          0
      0.79          0          0          0
       0.8          0          0          0
      0.81          0          0          0
      0.82          0          0          0
      0.83          0          0          0
      0.84          0          0          0
      0.85          0          0          0
      0.86          0          0          0
      0.87          0          0          0
      0.88          0          0          0
      0.89          0          0          0
       0.9          0          0          0
      0.91          0          0          0
      0.92          0          0          0
      0.93          0          0          0
      0.94          0          0          0
      0.95          0          0          0
      0.96          0          0          0
      0.97          0          0          0
      0.98          0          0          0
      0.99          0          0          0
