         0          1   0.317058   0.481463
      0.01   0.952812   0.388392    0.55184
      0.02   0.952812   0.388413    0.55186
      0.03   0.952763   0.388358   0.551796
      0.04   0.952567    0.38864   0.552048
      0.05   0.951931   0.389601    0.55291
      0.06   0.949533   0.392844   0.555757
      0.07   0.944931   0.396327   0.558434
      0.08   0.930638   0.407091   0.566414
      0.09   0.916883    0.41539    0.57175
       0.1   0.894415   0.426133   0.577245
      0.11   0.865338   0.436353   0.580157
      0.12   0.848059   0.444154   0.582982
      0.13   0.819717    0.45628    0.58624
      0.14   0.795193   0.462905   0.585167
      0.15   0.759802   0.474372   0.584081
      0.16   0.732831   0.485889   0.584342
      0.17   0.700328   0.503292   0.585682
      0.18   0.678986   0.513886   0.585011
      0.19   0.654266   0.530558   0.585954
       0.2    0.63777   0.538163   0.583748
      0.21   0.613833   0.551973   0.581262
      0.22   0.589701   0.564604    0.57688
      0.23   0.577414   0.576608   0.577011
      0.24   0.557541   0.592959   0.574705
      0.25   0.535171   0.602632   0.566902
      0.26   0.500269   0.614023    0.55134
      0.27   0.478584    0.62941   0.543731
      0.28   0.457291   0.642508   0.534303
      0.29   0.447599   0.650193   0.530202
       0.3   0.432376   0.664151   0.523768
      0.31   0.415586   0.672458     0.5137
      0.32   0.394341   0.673581   0.497453
      0.33   0.374223   0.679541   0.482651
      0.34   0.359293    0.67933   0.470004
      0.35   0.337608   0.681916   0.451623
      0.36    0.32356   0.683767   0.439261
      0.37   0.299085   0.685837   0.416527
      0.38   0.274267   0.690102   0.392531
      0.39    0.26012   0.696138   0.378725
       0.4   0.248617   0.699674   0.366872
      0.41   0.231974   0.699525    0.34841
      0.42    0.20887   0.695479   0.321258
      0.43   0.192129   0.703757   0.301851
      0.44   0.176122   0.702875   0.281666
      0.45     0.1655   0.707904   0.268279
      0.46   0.153507   0.727096   0.253496
      0.47   0.144256   0.735358   0.241196
      0.48   0.127564    0.75063   0.218068
      0.49    0.11704    0.74581   0.202328
       0.5   0.106319   0.750789   0.186262
      0.51   0.100103   0.776978   0.177356
      0.52  0.0938372   0.790323   0.167756
      0.53  0.0862499   0.819905   0.156081
      0.54   0.079299   0.811828   0.144485
      0.55  0.0694601   0.813253   0.127989
      0.56  0.0643693   0.807692   0.119236
      0.57  0.0547261    0.80597   0.102493
      0.58   0.050957   0.801587  0.0958225
      0.59   0.046992   0.790909  0.0887131
       0.6  0.0407754   0.767677  0.0774376
      0.61  0.0344608   0.741176  0.0658595
      0.62  0.0266288   0.735294  0.0513963
      0.63  0.0216359   0.741379  0.0420448
      0.64  0.0197758   0.735849  0.0385165
      0.65  0.0177199   0.765957  0.0346385
      0.66  0.0157619   0.769231  0.0308908
      0.67  0.0148319   0.777778  0.0291086
      0.68  0.0143913    0.78125   0.028262
      0.69  0.0143913   0.774194  0.0282573
       0.7  0.0143913    0.73913  0.0282329
      0.71  0.0105243   0.684211  0.0207297
      0.72 0.00954525     0.6875  0.0188291
      0.73 0.00641245   0.636364   0.012697
      0.74 0.00376915   0.571429 0.00748891
      0.75 0.00376915   0.666667 0.00749592
      0.76  0.0022517        0.5 0.00448321
      0.77          0          0          0
      0.78          0          0          0
      0.79          0          0          0
       0.8          0          0          0
      0.81          0          0          0
      0.82          0          0          0
      0.83          0          0          0
      0.84          0          0          0
      0.85          0          0          0
      0.86          0          0          0
      0.87          0          0          0
      0.88          0          0          0
      0.89          0          0          0
       0.9          0          0          0
      0.91          0          0          0
      0.92          0          0          0
      0.93          0          0          0
      0.94          0          0          0
      0.95          0          0          0
      0.96          0          0          0
      0.97          0          0          0
      0.98          0          0          0
      0.99          0          0          0
