         0          1    0.28722   0.446264
      0.01   0.894379   0.383288   0.536611
      0.02   0.894379   0.383356   0.536677
      0.03   0.894379   0.383436   0.536756
      0.04   0.893256   0.384848   0.537935
      0.05   0.891163   0.386775   0.539431
      0.06   0.885089   0.393122   0.544429
      0.07    0.87738   0.396075   0.545772
      0.08   0.853234   0.401155    0.54573
      0.09   0.836745   0.406797   0.547445
       0.1   0.808464   0.411419   0.545327
      0.11   0.782582   0.413733   0.541295
      0.12   0.767114   0.415146   0.538738
      0.13    0.74501   0.415865   0.533776
      0.14   0.720966   0.416298   0.527822
      0.15   0.694778    0.41977   0.523346
      0.16   0.673643   0.423077   0.519737
      0.17   0.641891   0.425199   0.511543
      0.18   0.622135   0.423804   0.504166
      0.19   0.583848   0.423003   0.490578
       0.2   0.565828   0.418944   0.481432
      0.21   0.531778   0.417205   0.467575
      0.22   0.496044   0.412285   0.450302
      0.23   0.471387   0.411114   0.439192
      0.24   0.433917   0.407729   0.420416
      0.25   0.412119   0.403659   0.407845
      0.26   0.371994   0.398756   0.384911
      0.27   0.346521   0.393677   0.368597
      0.28   0.302925   0.387894   0.340184
      0.29   0.287304   0.389324   0.330623
       0.3   0.249579   0.387863   0.303721
      0.31   0.224514   0.388922   0.284686
      0.32   0.206493   0.396138   0.271476
      0.33   0.187248   0.403846   0.255862
      0.34   0.173158   0.410169   0.243514
      0.35   0.161621   0.430368   0.234993
      0.36   0.144469   0.440043   0.217523
      0.37   0.135995   0.440594   0.207838
      0.38    0.12553   0.438187   0.195153
      0.39   0.102404    0.44822   0.166719
       0.4  0.0971464    0.45841   0.160318
      0.41  0.0886722    0.46789    0.14909
      0.42  0.0716218   0.454268   0.123735
      0.43  0.0618715        0.5   0.110117
      0.44  0.0497218   0.567073  0.0914271
      0.45  0.0394609   0.622807  0.0742193
      0.46  0.0297616      0.625  0.0568176
      0.47  0.0214917   0.590164   0.041473
      0.48  0.0131707   0.545455  0.0257203
      0.49 0.00980142   0.516129  0.0192375
       0.5 0.00301189       0.55 0.00599098
      0.51 0.00285875        0.6 0.00569038
      0.52 0.00219511        0.7 0.00437649
      0.53 0.00107203   0.571429 0.00214005
      0.54 0.00107203   0.666667 0.00214062
      0.55          0          0          0
      0.56          0          0          0
      0.57          0          0          0
      0.58          0          0          0
      0.59          0          0          0
       0.6          0          0          0
      0.61          0          0          0
      0.62          0          0          0
      0.63          0          0          0
      0.64          0          0          0
      0.65          0          0          0
      0.66          0          0          0
      0.67          0          0          0
      0.68          0          0          0
      0.69          0          0          0
       0.7          0          0          0
      0.71          0          0          0
      0.72          0          0          0
      0.73          0          0          0
      0.74          0          0          0
      0.75          0          0          0
      0.76          0          0          0
      0.77          0          0          0
      0.78          0          0          0
      0.79          0          0          0
       0.8          0          0          0
      0.81          0          0          0
      0.82          0          0          0
      0.83          0          0          0
      0.84          0          0          0
      0.85          0          0          0
      0.86          0          0          0
      0.87          0          0          0
      0.88          0          0          0
      0.89          0          0          0
       0.9          0          0          0
      0.91          0          0          0
      0.92          0          0          0
      0.93          0          0          0
      0.94          0          0          0
      0.95          0          0          0
      0.96          0          0          0
      0.97          0          0          0
      0.98          0          0          0
      0.99          0          0          0
