         0          1   0.273534   0.429567
      0.01    0.97899   0.378104   0.545518
      0.02    0.97899   0.378104   0.545518
      0.03   0.978506   0.378084   0.545422
      0.04   0.978506   0.378374   0.545724
      0.05   0.978022   0.379114   0.546418
      0.06   0.977586    0.38211   0.549454
      0.07   0.976279   0.385651   0.552896
      0.08   0.974149   0.393579   0.560645
      0.09   0.972213   0.402529   0.569334
       0.1   0.970131   0.416059   0.582362
      0.11      0.965   0.428831   0.593791
      0.12   0.963838    0.43542   0.599853
      0.13   0.959626   0.448155   0.610977
      0.14   0.953139   0.454779   0.615757
      0.15   0.942005   0.464021   0.621767
      0.16   0.934889   0.471366   0.626735
      0.17   0.925933   0.482509   0.634418
      0.18   0.913395   0.486486   0.634846
      0.19   0.893692   0.493305   0.635709
       0.2   0.875248   0.496016   0.633192
      0.21   0.833228   0.498965   0.624161
      0.22   0.782011   0.499422   0.609558
      0.23   0.733553   0.499821    0.59454
      0.24   0.657162   0.504829    0.57101
      0.25   0.613061   0.510173   0.556905
      0.26    0.56165   0.521051   0.540589
      0.27   0.518226   0.526274   0.522219
      0.28   0.470494   0.534347   0.500392
      0.29    0.43927   0.545455   0.486637
       0.3   0.416953   0.567961   0.480881
      0.31   0.393813   0.589892   0.472311
      0.32   0.376483   0.606653   0.464624
      0.33   0.358474   0.631989   0.457466
      0.34    0.34947   0.652047   0.455051
      0.35   0.339013    0.68119   0.452719
      0.36    0.33485   0.704139   0.453866
      0.37   0.323425   0.729909   0.448236
      0.38   0.316116   0.745283   0.443934
      0.39   0.308757   0.776804    0.44188
       0.4   0.306821   0.793175   0.442479
      0.41    0.30411   0.826055   0.444557
      0.42   0.300092   0.855129   0.444274
      0.43   0.295493   0.875102   0.441804
      0.44   0.292346   0.904475    0.44187
      0.45   0.288232   0.926126   0.439638
      0.46   0.285279   0.936911    0.43738
      0.47    0.28097   0.941691   0.432805
      0.48   0.277339   0.949084   0.429245
      0.49   0.276129   0.952781   0.428169
       0.5   0.269884   0.956811   0.421014
      0.51   0.265237   0.958237   0.415472
      0.52   0.262623   0.958134   0.412249
      0.53    0.25478   0.961783   0.402845
      0.54    0.25023   0.963351   0.397269
      0.55    0.24476   0.969231   0.390824
      0.56   0.235659   0.976401    0.37968
      0.57   0.224282    0.98254   0.365201
      0.58   0.216488   0.989882   0.355277
      0.59   0.206129   0.994505    0.34148
       0.6    0.20061   0.994286   0.333859
      0.61   0.187297   0.993902   0.315197
      0.62   0.177761   0.995671   0.301664
      0.63   0.170209   0.995495   0.290712
      0.64   0.158058   0.995086   0.272787
      0.65   0.151474   0.994898   0.262919
      0.66   0.137435    0.99723   0.241577
      0.67   0.132207          1   0.233539
      0.68   0.122622          1   0.218456
      0.69   0.117442          1   0.210198
       0.7   0.104081          1   0.188539
      0.71   0.092269          1   0.168949
      0.72  0.0779397          1   0.144609
      0.73  0.0670475          1   0.125669
      0.74  0.0511691          1  0.0973565
      0.75  0.0436172          1  0.0835885
      0.76  0.0391151          1  0.0752853
      0.77  0.0368398          1  0.0710617
      0.78  0.0335964          1  0.0650087
      0.79   0.027061          1  0.0526961
       0.8   0.023043          1   0.045048
      0.81  0.0214939          1  0.0420833
      0.82  0.0174759          1  0.0343515
      0.83  0.0168466          1   0.033135
      0.84  0.0164593          1  0.0323856
      0.85  0.0162657          1  0.0320107
      0.86   0.015007          1  0.0295703
      0.87  0.0127318          1  0.0251434
      0.88  0.0111342          1  0.0220233
      0.89 0.00982718          1  0.0194631
       0.9 0.00760033          1   0.015086
      0.91 0.00639009          1   0.012699
      0.92 0.00319504          1 0.00636973
      0.93          0          0          0
      0.94          0          0          0
      0.95          0          0          0
      0.96          0          0          0
      0.97          0          0          0
      0.98          0          0          0
      0.99          0          0          0
