         0          1   0.279386    0.43675
      0.01   0.940517   0.361426   0.522185
      0.02   0.939001   0.361996   0.522545
      0.03   0.937504   0.363386   0.523758
      0.04    0.93256   0.368163   0.527913
      0.05   0.926311    0.37385   0.532706
      0.06   0.912334   0.386585   0.543058
      0.07   0.898094   0.396429   0.550057
      0.08   0.872535   0.413286   0.560897
      0.09   0.851818   0.425082   0.567143
       0.1   0.818296   0.442225   0.574161
      0.11   0.783549   0.458687    0.57864
      0.12   0.758557   0.469341   0.579889
      0.13   0.720647   0.484901   0.579724
      0.14   0.694992   0.494342   0.577741
      0.15   0.657965   0.508326   0.573546
      0.16   0.632538   0.516758   0.568816
      0.17   0.597144   0.530222   0.561696
      0.18   0.574384   0.538881   0.556066
      0.19   0.539867   0.551518    0.54563
       0.2   0.517773    0.55922   0.537699
      0.21   0.486097   0.570978   0.525129
      0.22   0.455349   0.582173    0.51101
      0.23   0.434671   0.589961   0.500549
      0.24   0.407221   0.603209   0.486207
      0.25   0.388968   0.610796   0.475272
      0.26   0.364755   0.623749   0.460323
      0.27   0.349059   0.631925    0.44971
      0.28   0.326843   0.643505   0.433505
      0.29   0.312756   0.651111   0.422546
       0.3   0.294155   0.663928   0.407685
      0.31   0.275327   0.677077   0.391467
      0.32   0.263387   0.685954   0.380625
      0.33   0.246939   0.698146   0.364834
      0.34   0.236314   0.705533   0.354044
      0.35   0.222115   0.717232   0.339189
      0.36   0.212925   0.725531    0.32923
      0.37   0.199043   0.737059   0.313441
      0.38   0.191182   0.743467   0.304152
      0.39   0.178471   0.753701   0.288603
       0.4   0.171221   0.760458   0.279509
      0.41   0.160306    0.76954   0.265338
      0.42   0.150792   0.779598   0.252706
      0.43   0.144309    0.78552   0.243824
      0.44   0.135284   0.794339   0.231193
      0.45   0.128969   0.799917   0.222125
      0.46   0.120667   0.807084   0.209945
      0.47    0.11498   0.810202   0.201382
      0.48   0.106415   0.814669   0.188241
      0.49    0.10063   0.817669   0.179205
       0.5  0.0925872    0.82316   0.166452
      0.51  0.0851913   0.827529   0.154479
      0.52  0.0804061   0.829633   0.146604
      0.53  0.0728607   0.830892   0.133973
      0.54  0.0683786   0.830073   0.126349
      0.55  0.0617648   0.830957   0.114983
      0.56  0.0575573   0.831776   0.107664
      0.57  0.0503984   0.829724  0.0950248
      0.58  0.0464268   0.833026  0.0879519
      0.59  0.0411118   0.832486  0.0783541
       0.6  0.0378918   0.830347  0.0724763
      0.61  0.0329002   0.827187  0.0632834
      0.62  0.0287466   0.822569  0.0555519
      0.63  0.0259528   0.821274  0.0503156
      0.64  0.0224562   0.827303  0.0437256
      0.65  0.0211453   0.831114  0.0412413
      0.66  0.0185467   0.837578  0.0362899
      0.67  0.0170191   0.846215  0.0333672
      0.68   0.015103    0.85812  0.0296836
      0.69  0.0140463   0.880673  0.0276516
       0.7  0.0117926   0.887097  0.0232757
      0.71  0.0100941   0.887727  0.0199613
      0.72 0.00885536   0.882353  0.0175347
      0.73 0.00742947    0.87108  0.0147333
      0.74 0.00639514   0.864786  0.0126964
      0.75 0.00508113   0.848758  0.0101018
      0.76 0.00420342   0.832695 0.00836462
      0.77 0.00346912   0.812408 0.00690874
      0.78 0.00294535    0.79397 0.00586892
      0.79  0.0021785   0.755556 0.00434447
       0.8 0.00199035   0.743478 0.00397006
      0.81 0.00173914   0.717822 0.00346987
      0.82 0.00130893   0.628763 0.00261242
      0.83 0.00112891   0.596296 0.00225356
      0.84 0.000950932   0.583691 0.00189877
      0.85 0.000892961   0.573394 0.00178314
      0.86 0.000804478   0.526596  0.0016065
      0.87 0.000665144    0.43949 0.00132828
      0.88 0.000509537   0.382353 0.00101772
      0.89 0.000389526      0.325 0.00077812
       0.9 0.000272567   0.277778 0.000544599
      0.91 0.000175948        0.2 0.000351586
      0.92 0.000108823   0.137931 0.000217475
      0.93 3.76305e-05  0.0519481 7.52064e-05
      0.94 1.11874e-05       0.04 2.23686e-05
      0.95 1.01704e-05  0.0307692 2.03341e-05
      0.96 1.01704e-05    0.03125 2.03342e-05
      0.97 1.01704e-05  0.0333333 2.03346e-05
      0.98 8.13632e-06  0.0212766 1.62664e-05
      0.99          0          0          0
