    119082       0.18   0.786695   0.736083   0.760548
     58060          0          1   0.374026   0.544424
     42049       0.17   0.962953    0.98239   0.972574
     24077       0.09   0.867783   0.543868   0.668663
     78004       0.24   0.699525   0.799067    0.74599
     45096       0.06   0.805553   0.769644    0.78719
     38092       0.15   0.847872   0.749666   0.795751
     43074   0.125657   0.503216   0.639349   0.563172
     16077       0.15   0.713647    0.50722   0.592982
     86000       0.07    0.90664   0.451292   0.602621
    101085       0.21   0.751173   0.733303    0.74213
     89072       0.09   0.836745   0.406797   0.547445
    126007       0.08   0.901303   0.552623   0.685153
     76053       0.09   0.708009   0.612798   0.656971
     86016          0          1   0.363236   0.532903
    103070        0.1   0.654657   0.540435   0.592088
      8023   0.126869   0.755552   0.297999   0.427419
     41033   0.132323   0.686769    0.57564   0.626313
    109053       0.08   0.790983    0.39799   0.529538
    130026       0.27   0.417492   0.484615   0.448557
    108082       0.08   0.777778   0.178765   0.290713
     69040          0          1   0.319512   0.484288
     14037        0.1   0.685367   0.697806    0.69153
     54082       0.04   0.864595   0.610895   0.715934
     62096       0.46   0.681987   0.838898   0.752348
     12084       0.12   0.868149   0.377375   0.526072
     69015       0.11   0.761308   0.880397   0.816533
     97033       0.19   0.893692   0.493305   0.635709
     19021       0.13   0.768658   0.724488    0.74592
     86068       0.11   0.709346   0.381136   0.495849
      3096       0.11   0.718762    0.89578   0.797567
     41069    0.20899   0.511121   0.547874    0.52886
     21077       0.12   0.919269   0.593506   0.721312
    108070          0          1   0.230724    0.37494
    123074       0.18   0.429276   0.419234   0.424196
     38082  0.0889899   0.791446   0.519041   0.626931
     33039          0          1   0.331079    0.49746
    108005       0.09   0.855968   0.383586   0.529767
    106024   0.170303   0.493314   0.691531   0.575842
    102061       0.13   0.820971   0.382492   0.521852
     37073       0.05   0.972439   0.863015   0.914465
     65033       0.13   0.734779   0.616199   0.670285
     55073       0.13   0.751878   0.540488   0.628895
     66053       0.12   0.728878   0.548374   0.625871
     85048        0.2   0.763655   0.587218   0.663914
     42012       0.06   0.837083   0.501535   0.627253
     87046       0.13   0.819717    0.45628    0.58624
    105025       0.19   0.618366   0.539463   0.576226
    101087   0.122323   0.829471     0.8096   0.819415
     69020   0.123434   0.771921   0.567147   0.653877
